1.000000000000000000e+00 -8.499999999999999778e-01
1.097498765493056139e+00 -8.328282828282828065e-01
1.204503540258782257e+00 -8.156565656565656353e-01
1.321941148466029059e+00 -7.984848484848484640e-01
1.450828778495939719e+00 -7.813131313131312927e-01
1.592282793341092351e+00 -7.641414141414141215e-01
1.747528400007683835e+00 -7.469696969696969502e-01
1.917910261672488792e+00 -7.297979797979797789e-01
2.104904144512020459e+00 -7.126262626262626076e-01
2.310129700083159765e+00 -6.954545454545454364e-01
2.535364493970111877e+00 -6.782828282828282651e-01
2.782559402207124943e+00 -6.611111111111110938e-01
3.053855508833415389e+00 -6.439393939393939226e-01
3.351602650938842576e+00 -6.267676767676767513e-01
3.678379771828634404e+00 -6.095959595959595800e-01
4.037017258596554470e+00 -5.924242424242424088e-01
4.430621457583881373e+00 -5.752525252525252375e-01
4.862601580065354590e+00 -5.580808080808080662e-01
5.336699231206309513e+00 -5.409090909090908950e-01
5.857020818056667189e+00 -5.237373737373737237e-01
6.428073117284322180e+00 -5.065656565656565524e-01
7.054802310718643277e+00 -4.893939393939393812e-01
7.742636826811271966e+00 -4.722222222222222099e-01
8.497534359086444056e+00 -4.550505050505050386e-01
9.326033468832198636e+00 -4.378787878787878673e-01
1.023531021899026250e+01 -4.207070707070706961e-01
1.123324032978027631e+01 -4.035353535353535248e-01
1.232846739442066486e+01 -3.863636363636363535e-01
1.353047774579807516e+01 -3.691919191919191823e-01
1.484968262254465010e+01 -3.520202020202020110e-01
1.629750834620644184e+01 -3.348484848484848397e-01
1.788649529057435217e+01 -3.176767676767676685e-01
1.963040650040271373e+01 -3.005050505050504972e-01
2.154434690031884614e+01 -2.833333333333333259e-01
2.364489412645408350e+01 -2.661616161616161547e-01
2.595024211399737268e+01 -2.489898989898989834e-01
2.848035868435801987e+01 -2.318181818181818121e-01
3.125715849688236858e+01 -2.146464646464646409e-01
3.430469286314919231e+01 -1.974747474747474696e-01
3.764935806792469464e+01 -1.803030303030302983e-01
4.132012400115338835e+01 -1.631313131313131271e-01
4.534878508128584684e+01 -1.459595959595959558e-01
4.977023564332111505e+01 -1.287878787878787845e-01
5.462277217684342645e+01 -1.116161616161616132e-01
5.994842503189411786e+01 -9.444444444444444198e-02
6.579332246575683030e+01 -7.727272727272727071e-02
7.220809018385467937e+01 -6.010101010101009944e-02
7.924828983539177329e+01 -4.292929292929292817e-02
8.697490026177834466e+01 -2.575757575757575690e-02
9.545484566618341660e+01 -8.585858585858585634e-03
1.047615752789665180e+02 8.585858585858585634e-03
1.149756995397736858e+02 2.575757575757575690e-02
1.261856883066021027e+02 4.292929292929292817e-02
1.384886371393873219e+02 6.010101010101009944e-02
1.519911082952934578e+02 7.727272727272727071e-02
1.668100537200059250e+02 9.444444444444444198e-02
1.830738280295369691e+02 1.116161616161616132e-01
2.009233002565048025e+02 1.287878787878787845e-01
2.205130739903045480e+02 1.459595959595959558e-01
2.420128264794383313e+02 1.631313131313131271e-01
2.656087782946686957e+02 1.803030303030302983e-01
2.915053062825178927e+02 1.974747474747474696e-01
3.199267137797384635e+02 2.146464646464646409e-01
3.511191734215134375e+02 2.318181818181818121e-01
3.853528593710531140e+02 2.489898989898989834e-01
4.229242874389498752e+02 2.661616161616161547e-01
4.641588833612781855e+02 2.833333333333333259e-01
5.094138014816380178e+02 3.005050505050504972e-01
5.590810182512228721e+02 3.176767676767676685e-01
6.135907273413175744e+02 3.348484848484848397e-01
6.734150657750827804e+02 3.520202020202020110e-01
7.390722033525782990e+02 3.691919191919191823e-01
8.111308307896872520e+02 3.863636363636363535e-01
8.902150854450392217e+02 4.035353535353535248e-01
9.770099572992256753e+02 4.207070707070706961e-01
1.072267222010324303e+03 4.378787878787878673e-01
1.176811952434999057e+03 4.550505050505050386e-01
1.291549665014884113e+03 4.722222222222222099e-01
1.417474162926806230e+03 4.893939393939393812e-01
1.555676143930472335e+03 5.065656565656565524e-01
1.707352647470692091e+03 5.237373737373737237e-01
1.873817422860385022e+03 5.409090909090908950e-01
2.056512308348653733e+03 5.580808080808080662e-01
2.257019719633921341e+03 5.752525252525252375e-01
2.477076355991711353e+03 5.924242424242424088e-01
2.718588242732942945e+03 6.095959595959595800e-01
2.983647240283340125e+03 6.267676767676767513e-01
3.274549162877731760e+03 6.439393939393939226e-01
3.593813663804629414e+03 6.611111111111110938e-01
3.944206059437659860e+03 6.782828282828282651e-01
4.328761281083061476e+03 6.954545454545454364e-01
4.750810162102798131e+03 7.126262626262626076e-01
5.214008287999689855e+03 7.297979797979797789e-01
5.722367659350220492e+03 7.469696969696969502e-01
6.280291441834259786e+03 7.641414141414141215e-01
6.892612104349702349e+03 7.813131313131312927e-01
7.564633275546290861e+03 7.984848484848484640e-01
8.302175681319751675e+03 8.156565656565656353e-01
9.111627561154895375e+03 8.328282828282828065e-01
1.000000000000000000e+04 8.499999999999999778e-01
