1.000000000000000000e+00 1.000000000000000000e+00
1.097498765493056139e+00 1.171717171717171713e+00
1.204503540258782257e+00 1.343434343434343425e+00
1.321941148466029059e+00 1.515151515151515138e+00
1.450828778495939719e+00 1.686868686868686851e+00
1.592282793341092351e+00 1.858585858585858563e+00
1.747528400007683835e+00 2.030303030303030276e+00
1.917910261672488792e+00 2.202020202020201989e+00
2.104904144512020459e+00 2.373737373737373701e+00
2.310129700083159765e+00 2.545454545454545414e+00
2.535364493970111877e+00 2.717171717171717127e+00
2.782559402207124943e+00 2.888888888888888840e+00
3.053855508833415389e+00 3.060606060606060552e+00
3.351602650938842576e+00 3.232323232323232265e+00
3.678379771828634404e+00 3.404040404040403978e+00
4.037017258596554470e+00 3.575757575757575690e+00
4.430621457583881373e+00 3.747474747474747403e+00
4.862601580065354590e+00 3.919191919191919116e+00
5.336699231206309513e+00 4.090909090909090828e+00
5.857020818056667189e+00 4.262626262626262985e+00
6.428073117284322180e+00 4.434343434343434254e+00
7.054802310718643277e+00 4.606060606060605522e+00
7.742636826811271966e+00 4.777777777777777679e+00
8.497534359086444056e+00 4.949494949494949836e+00
9.326033468832198636e+00 5.121212121212121104e+00
1.023531021899026250e+01 5.292929292929292373e+00
1.123324032978027631e+01 5.464646464646464530e+00
1.232846739442066486e+01 5.636363636363636687e+00
1.353047774579807516e+01 5.808080808080807955e+00
1.484968262254465010e+01 5.979797979797979224e+00
1.629750834620644184e+01 6.151515151515151381e+00
1.788649529057435217e+01 6.323232323232323537e+00
1.963040650040271373e+01 6.494949494949494806e+00
2.154434690031884614e+01 6.666666666666666075e+00
2.364489412645408350e+01 6.838383838383838231e+00
2.595024211399737268e+01 7.010101010101010388e+00
2.848035868435801987e+01 7.181818181818181657e+00
3.125715849688236858e+01 7.353535353535352925e+00
3.430469286314919231e+01 7.525252525252525082e+00
3.764935806792469464e+01 7.696969696969697239e+00
4.132012400115338835e+01 7.868686868686868507e+00
4.534878508128584684e+01 8.040404040404039776e+00
4.977023564332111505e+01 8.212121212121211045e+00
5.462277217684342645e+01 8.383838383838384090e+00
5.994842503189411786e+01 8.555555555555555358e+00
6.579332246575683030e+01 8.727272727272726627e+00
7.220809018385467937e+01 8.898989898989899672e+00
7.924828983539177329e+01 9.070707070707070940e+00
8.697490026177834466e+01 9.242424242424242209e+00
9.545484566618341660e+01 9.414141414141413478e+00
1.047615752789665180e+02 9.585858585858584746e+00
1.149756995397736858e+02 9.757575757575757791e+00
1.261856883066021027e+02 9.929292929292929060e+00
1.384886371393873219e+02 1.010101010101010033e+01
1.519911082952934578e+02 1.027272727272727337e+01
1.668100537200059250e+02 1.044444444444444464e+01
1.830738280295369691e+02 1.061616161616161591e+01
2.009233002565048025e+02 1.078787878787878718e+01
2.205130739903045480e+02 1.095959595959595845e+01
2.420128264794383313e+02 1.113131313131313149e+01
2.656087782946686957e+02 1.130303030303030276e+01
2.915053062825178927e+02 1.147474747474747403e+01
3.199267137797384635e+02 1.164646464646464707e+01
3.511191734215134375e+02 1.181818181818181834e+01
3.853528593710531140e+02 1.198989898989898961e+01
4.229242874389498752e+02 1.216161616161616088e+01
4.641588833612781855e+02 1.233333333333333215e+01
5.094138014816380178e+02 1.250505050505050519e+01
5.590810182512228721e+02 1.267676767676767646e+01
6.135907273413175744e+02 1.284848484848484773e+01
6.734150657750827804e+02 1.302020202020202078e+01
7.390722033525782990e+02 1.319191919191919204e+01
8.111308307896872520e+02 1.336363636363636331e+01
8.902150854450392217e+02 1.353535353535353458e+01
9.770099572992256753e+02 1.370707070707070585e+01
1.072267222010324303e+03 1.387878787878787890e+01
1.176811952434999057e+03 1.405050505050505016e+01
1.291549665014884113e+03 1.422222222222222143e+01
1.417474162926806230e+03 1.439393939393939448e+01
1.555676143930472335e+03 1.456565656565656575e+01
1.707352647470692091e+03 1.473737373737373701e+01
1.873817422860385022e+03 1.490909090909090828e+01
2.056512308348653733e+03 1.508080808080807955e+01
2.257019719633921341e+03 1.525252525252525260e+01
2.477076355991711353e+03 1.542424242424242387e+01
2.718588242732942945e+03 1.559595959595959513e+01
2.983647240283340125e+03 1.576767676767676818e+01
3.274549162877731760e+03 1.593939393939393945e+01
3.593813663804629414e+03 1.611111111111111072e+01
3.944206059437659860e+03 1.628282828282828376e+01
4.328761281083061476e+03 1.645454545454545325e+01
4.750810162102798131e+03 1.662626262626262630e+01
5.214008287999689855e+03 1.679797979797979934e+01
5.722367659350220492e+03 1.696969696969696884e+01
6.280291441834259786e+03 1.714141414141414188e+01
6.892612104349702349e+03 1.731313131313131137e+01
7.564633275546290861e+03 1.748484848484848442e+01
8.302175681319751675e+03 1.765656565656565746e+01
9.111627561154895375e+03 1.782828282828282696e+01
1.000000000000000000e+04 1.800000000000000000e+01
