1.000000000000000000e+00 1.000000000000000021e-02
1.097498765493056139e+00 1.123324032978027624e-02
1.204503540258782257e+00 1.261856883066020396e-02
1.321941148466029059e+00 1.417474162926805545e-02
1.450828778495939719e+00 1.592282793341092198e-02
1.592282793341092351e+00 1.788649529057435156e-02
1.747528400007683835e+00 2.009233002565046985e-02
1.917910261672488792e+00 2.257019719633920202e-02
2.104904144512020459e+00 2.535364493970111363e-02
2.310129700083159765e+00 2.848035868435801893e-02
2.535364493970111877e+00 3.199267137797384697e-02
2.782559402207124943e+00 3.593813663804627800e-02
3.053855508833415389e+00 4.037017258596553582e-02
3.351602650938842576e+00 4.534878508128582092e-02
3.678379771828634404e+00 5.094138014816380206e-02
4.037017258596554470e+00 5.722367659350217212e-02
4.430621457583881373e+00 6.428073117284319182e-02
4.862601580065354590e+00 7.220809018385464240e-02
5.336699231206309513e+00 8.111308307896872294e-02
5.857020818056667189e+00 9.111627561154891919e-02
6.428073117284322180e+00 1.023531021899026366e-01
7.054802310718643277e+00 1.149756995397735598e-01
7.742636826811271966e+00 1.291549665014883885e-01
8.497534359086444056e+00 1.450828778495939497e-01
9.326033468832198636e+00 1.629750834620644351e-01
1.023531021899026250e+01 1.830738280295367837e-01
1.123324032978027631e+01 2.056512308348651397e-01
1.232846739442066486e+01 2.310129700083159154e-01
1.353047774579807516e+01 2.595024211399735714e-01
1.484968262254465010e+01 2.915053062825175845e-01
1.629750834620644184e+01 3.274549162877728459e-01
1.788649529057435217e+01 3.678379771828632627e-01
1.963040650040271373e+01 4.132012400115336326e-01
2.154434690031884614e+01 4.641588833612779741e-01
2.364489412645408350e+01 5.214008287999684077e-01
2.595024211399737268e+01 5.857020818056667411e-01
2.848035868435801987e+01 6.579332246575678722e-01
3.125715849688236858e+01 7.390722033525779500e-01
3.430469286314919231e+01 8.302175681319743372e-01
3.764935806792469464e+01 9.326033468832198858e-01
4.132012400115338835e+01 1.047615752789665233e+00
4.534878508128584684e+01 1.176811952434997810e+00
4.977023564332111505e+01 1.321941148466028615e+00
5.462277217684342645e+01 1.484968262254465099e+00
5.994842503189411786e+01 1.668100537200059241e+00
6.579332246575683030e+01 1.873817422860382997e+00
7.220809018385467937e+01 2.104904144512019570e+00
7.924828983539177329e+01 2.364489412645407018e+00
8.697490026177834466e+01 2.656087782946686904e+00
9.545484566618341660e+01 2.983647240283340274e+00
1.047615752789665180e+02 3.351602650938840799e+00
1.149756995397736858e+02 3.764935806792467421e+00
1.261856883066021027e+02 4.229242874389498752e+00
1.384886371393873219e+02 4.750810162102798273e+00
1.519911082952934578e+02 5.336699231206306848e+00
1.668100537200059250e+02 5.994842503189408589e+00
1.830738280295369691e+02 6.734150657750821445e+00
2.009233002565048025e+02 7.564633275546290392e+00
2.205130739903045480e+02 8.497534359086438727e+00
2.420128264794383313e+02 9.545484566618338107e+00
2.656087782946686957e+02 1.072267222010323096e+01
2.915053062825178927e+02 1.204503540258782301e+01
3.199267137797384635e+02 1.353047774579806095e+01
3.511191734215134375e+02 1.519911082952933157e+01
3.853528593710531140e+02 1.707352647470690599e+01
4.229242874389498752e+02 1.917910261672488659e+01
4.641588833612781855e+02 2.154434690031884614e+01
5.094138014816380178e+02 2.420128264794380968e+01
5.590810182512228721e+02 2.718588242732939975e+01
6.135907273413175744e+02 3.053855508833415655e+01
6.734150657750827804e+02 3.430469286314919231e+01
7.390722033525782990e+02 3.853528593710527161e+01
8.111308307896872520e+02 4.328761281083057355e+01
8.902150854450392217e+02 4.862601580065353346e+01
9.770099572992256753e+02 5.462277217684342645e+01
1.072267222010324303e+03 6.135907273413169349e+01
1.176811952434999057e+03 6.892612104349694846e+01
1.291549665014884113e+03 7.742636826811269657e+01
1.417474162926806230e+03 8.697490026177834466e+01
1.555676143930472335e+03 9.770099572992246806e+01
1.707352647470692091e+03 1.097498765493056823e+02
1.873817422860385022e+03 1.232846739442065882e+02
2.056512308348653733e+03 1.384886371393871798e+02
2.257019719633921341e+03 1.555676143930472222e+02
2.477076355991711353e+03 1.747528400007682876e+02
2.718588242732942945e+03 1.963040650040272510e+02
2.983647240283340125e+03 2.205130739903045480e+02
3.274549162877731760e+03 2.477076355991708851e+02
3.593813663804629414e+03 2.782559402207126027e+02
3.944206059437659860e+03 3.125715849688235153e+02
4.328761281083061476e+03 3.511191734215127553e+02
4.750810162102798131e+03 3.944206059437656222e+02
5.214008287999689855e+03 4.430621457583877714e+02
5.722367659350220492e+03 4.977023564332113779e+02
6.280291441834259786e+03 5.590810182512223037e+02
6.892612104349702349e+03 6.280291441834247053e+02
7.564633275546290861e+03 7.054802310718645231e+02
8.302175681319751675e+03 7.924828983539169940e+02
9.111627561154895375e+03 8.902150854450392217e+02
1.000000000000000000e+04 1.000000000000000000e+03
