1.000000000000000000e+00 1.000000000000000000e+01
1.097498765493056139e+00 1.047615752789664612e+01
1.204503540258782257e+00 1.097498765493056183e+01
1.321941148466029059e+00 1.149756995397735615e+01
1.450828778495939719e+00 1.204503540258782301e+01
1.592282793341092351e+00 1.261856883066020352e+01
1.747528400007683835e+00 1.321941148466028793e+01
1.917910261672488792e+00 1.384886371393873183e+01
2.104904144512020459e+00 1.450828778495939453e+01
2.310129700083159765e+00 1.519911082952933867e+01
2.535364493970111877e+00 1.592282793341092173e+01
2.782559402207124943e+00 1.668100537200059108e+01
3.053855508833415389e+00 1.747528400007684013e+01
3.351602650938842576e+00 1.830738280295367915e+01
3.678379771828634404e+00 1.917910261672488659e+01
4.037017258596554470e+00 2.009233002565046888e+01
4.430621457583881373e+00 2.104904144512020636e+01
4.862601580065354590e+00 2.205130739903045622e+01
5.336699231206309513e+00 2.310129700083160387e+01
5.857020818056667189e+00 2.420128264794382034e+01
6.428073117284322180e+00 2.535364493970111255e+01
7.054802310718643277e+00 2.656087782946686815e+01
7.742636826811271966e+00 2.782559402207124322e+01
8.497534359086444056e+00 2.915053062825177221e+01
9.326033468832198636e+00 3.053855508833415655e+01
1.023531021899026250e+01 3.199267137797384564e+01
1.123324032978027631e+01 3.351602650938842487e+01
1.232846739442066486e+01 3.511191734215130822e+01
1.353047774579807516e+01 3.678379771828634404e+01
1.484968262254465010e+01 3.853528593710529293e+01
1.629750834620644184e+01 4.037017258596554115e+01
1.788649529057435217e+01 4.229242874389498752e+01
1.963040650040271373e+01 4.430621457583882261e+01
2.154434690031884614e+01 4.641588833612780007e+01
2.364489412645408350e+01 4.862601580065353346e+01
2.595024211399737268e+01 5.094138014816380178e+01
2.848035868435801987e+01 5.336699231206309690e+01
3.125715849688236858e+01 5.590810182512222326e+01
3.430469286314919231e+01 5.857020818056667366e+01
3.764935806792469464e+01 6.135907273413175744e+01
4.132012400115338835e+01 6.428073117284321825e+01
4.534878508128584684e+01 6.734150657750821267e+01
4.977023564332111505e+01 7.054802310718645231e+01
5.462277217684342645e+01 7.390722033525779011e+01
5.994842503189411786e+01 7.742636826811269657e+01
6.579332246575683030e+01 8.111308307896872805e+01
7.220809018385467937e+01 8.497534359086446898e+01
7.924828983539177329e+01 8.902150854450388806e+01
8.697490026177834466e+01 9.326033468832198992e+01
9.545484566618341660e+01 9.770099572992256753e+01
1.047615752789665180e+02 1.023531021899026854e+02
1.149756995397736858e+02 1.072267222010323167e+02
1.261856883066021027e+02 1.123324032978027702e+02
1.384886371393873219e+02 1.176811952434999142e+02
1.519911082952934578e+02 1.232846739442065882e+02
1.668100537200059250e+02 1.291549665014883885e+02
1.830738280295369691e+02 1.353047774579807481e+02
2.009233002565048025e+02 1.417474162926804695e+02
2.205130739903045480e+02 1.484968262254465117e+02
2.420128264794383313e+02 1.555676143930472222e+02
2.656087782946686957e+02 1.629750834620643332e+02
2.915053062825178927e+02 1.707352647470692091e+02
3.199267137797384635e+02 1.788649529057435075e+02
3.511191734215134375e+02 1.873817422860385022e+02
3.853528593710531140e+02 1.963040650040272510e+02
4.229242874389498752e+02 2.056512308348651459e+02
4.641588833612781855e+02 2.154434690031884543e+02
5.094138014816380178e+02 2.257019719633921397e+02
5.590810182512228721e+02 2.364489412645407072e+02
6.135907273413175744e+02 2.477076355991711409e+02
6.734150657750827804e+02 2.595024211399737055e+02
7.390722033525782990e+02 2.718588242732940330e+02
8.111308307896872520e+02 2.848035868435802058e+02
8.902150854450392217e+02 2.983647240283340238e+02
9.770099572992256753e+02 3.125715849688235153e+02
1.072267222010324303e+03 3.274549162877731874e+02
1.176811952434999057e+03 3.430469286314919373e+02
1.291549665014884113e+03 3.593813663804625662e+02
1.417474162926806230e+03 3.764935806792471453e+02
1.555676143930472335e+03 3.944206059437656222e+02
1.707352647470692091e+03 4.132012400115338551e+02
1.873817422860385022e+03 4.328761281083061476e+02
2.056512308348653733e+03 4.534878508128581984e+02
2.257019719633921341e+03 4.750810162102798131e+02
2.477076355991711353e+03 4.977023564332113779e+02
2.718588242732942945e+03 5.214008287999683944e+02
2.983647240283340125e+03 5.462277217684342077e+02
3.274549162877731760e+03 5.722367659350220492e+02
3.593813663804629414e+03 5.994842503189408944e+02
3.944206059437659860e+03 6.280291441834259558e+02
4.328761281083061476e+03 6.579332246575681893e+02
4.750810162102798131e+03 6.892612104349694846e+02
5.214008287999689855e+03 7.220809018385471063e+02
5.722367659350220492e+03 7.564633275546290179e+02
6.280291441834259786e+03 7.924828983539177898e+02
6.892612104349702349e+03 8.302175681319752130e+02
7.564633275546290861e+03 8.697490026177833897e+02
8.302175681319751675e+03 9.111627561154896284e+02
9.111627561154895375e+03 9.545484566618347344e+02
1.000000000000000000e+04 1.000000000000000000e+03
