1.000000000000000000e+00 1.000000000000000021e-03
1.097498765493056139e+00 1.149756995397735633e-03
1.204503540258782257e+00 1.321941148466028622e-03
1.321941148466029059e+00 1.519911082952933243e-03
1.450828778495939719e+00 1.747528400007682938e-03
1.592282793341092351e+00 2.009233002565048026e-03
1.747528400007683835e+00 2.310129700083160455e-03
1.917910261672488792e+00 2.656087782946686768e-03
2.104904144512020459e+00 3.053855508833415357e-03
2.310129700083159765e+00 3.511191734215130845e-03
2.535364493970111877e+00 4.037017258596553408e-03
2.782559402207124943e+00 4.641588833612782412e-03
3.053855508833415389e+00 5.336699231206312212e-03
3.351602650938842576e+00 6.135907273413176120e-03
3.678379771828634404e+00 7.054802310718645032e-03
4.037017258596554470e+00 8.111308307896872294e-03
4.430621457583881373e+00 9.326033468832199691e-03
4.862601580065354590e+00 1.072267222010323158e-02
5.336699231206309513e+00 1.232846739442065853e-02
5.857020818056667189e+00 1.417474162926805545e-02
6.428073117284322180e+00 1.629750834620644420e-02
7.054802310718643277e+00 1.873817422860384052e-02
7.742636826811271966e+00 2.154434690031884619e-02
8.497534359086444056e+00 2.477076355991711387e-02
9.326033468832198636e+00 2.848035868435801893e-02
1.023531021899026250e+01 3.274549162877728181e-02
1.123324032978027631e+01 3.764935806792467365e-02
1.232846739442066486e+01 4.328761281083059326e-02
1.353047774579807516e+01 4.977023564332111460e-02
1.484968262254465010e+01 5.722367659350217212e-02
1.629750834620644184e+01 6.579332246575682330e-02
1.788649529057435217e+01 7.564633275546291113e-02
1.963040650040271373e+01 8.697490026177834288e-02
2.154434690031884614e+01 1.000000000000000056e-01
2.364489412645408350e+01 1.149756995397735598e-01
2.595024211399737268e+01 1.321941148466028726e-01
2.848035868435801987e+01 1.519911082952933035e-01
3.125715849688236858e+01 1.747528400007684890e-01
3.430469286314919231e+01 2.009233002565047888e-01
3.764935806792469464e+01 2.310129700083160542e-01
4.132012400115338835e+01 2.656087782946686682e-01
4.534878508128584684e+01 3.053855508833415722e-01
4.977023564332111505e+01 3.511191734215131088e-01
5.462277217684342645e+01 4.037017258596553582e-01
5.994842503189411786e+01 4.641588833612781961e-01
6.579332246575683030e+01 5.336699231206312177e-01
7.220809018385467937e+01 6.135907273413175878e-01
7.924828983539177329e+01 7.054802310718645275e-01
8.697490026177834466e+01 8.111308307896872849e-01
9.545484566618341660e+01 9.326033468832198858e-01
1.047615752789665180e+02 1.072267222010323096e+00
1.149756995397736858e+02 1.232846739442065909e+00
1.261856883066021027e+02 1.417474162926804837e+00
1.384886371393873219e+02 1.629750834620645072e+00
1.519911082952934578e+02 1.873817422860384996e+00
1.668100537200059250e+02 2.154434690031884259e+00
1.830738280295369691e+02 2.477076355991711498e+00
2.009233002565048025e+02 2.848035868435801810e+00
2.205130739903045480e+02 3.274549162877728570e+00
2.420128264794383313e+02 3.764935806792467421e+00
2.656087782946686957e+02 4.328761281083061796e+00
2.915053062825178927e+02 4.977023564332113459e+00
3.199267137797384635e+02 5.722367659350219959e+00
3.511191734215134375e+02 6.579332246575682497e+00
3.853528593710531140e+02 7.564633275546290392e+00
4.229242874389498752e+02 8.697490026177835176e+00
4.641588833612781855e+02 1.000000000000000000e+01
5.094138014816380178e+02 1.149756995397735615e+01
5.590810182512228721e+02 1.321941148466028793e+01
6.135907273413175744e+02 1.519911082952933157e+01
6.734150657750827804e+02 1.747528400007682947e+01
7.390722033525782990e+02 2.009233002565045823e+01
8.111308307896872520e+02 2.310129700083157900e+01
8.902150854450392217e+02 2.656087782946689302e+01
9.770099572992256753e+02 3.053855508833418497e+01
1.072267222010324303e+03 3.511191734215134375e+01
1.176811952434999057e+03 4.037017258596557667e+01
1.291549665014884113e+03 4.641588833612782139e+01
1.417474162926806230e+03 5.336699231206312533e+01
1.555676143930472335e+03 6.135907273413175744e+01
1.707352647470692091e+03 7.054802310718645231e+01
1.873817422860385022e+03 8.111308307896872805e+01
2.056512308348653733e+03 9.326033468832198992e+01
2.257019719633921341e+03 1.072267222010323167e+02
2.477076355991711353e+03 1.232846739442065882e+02
2.718588242732942945e+03 1.417474162926804695e+02
2.983647240283340125e+03 1.629750834620643332e+02
3.274549162877731760e+03 1.873817422860383033e+02
3.593813663804629414e+03 2.154434690031886532e+02
3.944206059437659860e+03 2.477076355991713967e+02
4.328761281083061476e+03 2.848035868435804900e+02
4.750810162102798131e+03 3.274549162877731874e+02
5.214008287999689855e+03 3.764935806792471453e+02
5.722367659350220492e+03 4.328761281083061476e+02
6.280291441834259786e+03 4.977023564332113779e+02
6.892612104349702349e+03 5.722367659350220492e+02
7.564633275546290861e+03 6.579332246575681893e+02
8.302175681319751675e+03 7.564633275546290179e+02
9.111627561154895375e+03 8.697490026177833897e+02
1.000000000000000000e+04 1.000000000000000000e+03
