1.000000000000000000e+07 1.000000000000000000e+00
1.097498765493056737e+07 1.171717171717171713e+00
1.204503540258781239e+07 1.343434343434343425e+00
1.321941148466028646e+07 1.515151515151515138e+00
1.450828778495940194e+07 1.686868686868686851e+00
1.592282793341093883e+07 1.858585858585858563e+00
1.747528400007683039e+07 2.030303030303030276e+00
1.917910261672488600e+07 2.202020202020201989e+00
2.104904144512021914e+07 2.373737373737373701e+00
2.310129700083158165e+07 2.545454545454545414e+00
2.535364493970111385e+07 2.717171717171717127e+00
2.782559402207125723e+07 2.888888888888888840e+00
3.053855508833412454e+07 3.060606060606060552e+00
3.351602650938840955e+07 3.232323232323232265e+00
3.678379771828634292e+07 3.404040404040403978e+00
4.037017258596558124e+07 3.575757575757575690e+00
4.430621457583877444e+07 3.747474747474747403e+00
4.862601580065353215e+07 3.919191919191919116e+00
5.336699231206312776e+07 4.090909090909090828e+00
5.857020818056673557e+07 4.262626262626262985e+00
6.428073117284319550e+07 4.434343434343434254e+00
7.054802310718645155e+07 4.606060606060605522e+00
7.742636826811277866e+07 4.777777777777777679e+00
8.497534359086437523e+07 4.949494949494949836e+00
9.326033468832199275e+07 5.121212121212121104e+00
1.023531021899026930e+08 5.292929292929292373e+00
1.123324032978026569e+08 5.464646464646464530e+00
1.232846739442068487e+08 5.636363636363636687e+00
1.353047774579807520e+08 5.808080808080807955e+00
1.484968262254463434e+08 5.979797979797979224e+00
1.629750834620646834e+08 6.151515151515151381e+00
1.788649529057435095e+08 6.323232323232323537e+00
1.963040650040268302e+08 6.494949494949494806e+00
2.154434690031886697e+08 6.666666666666666075e+00
2.364489412645407319e+08 6.838383838383838231e+00
2.595024211399742663e+08 7.010101010101010388e+00
2.848035868435804844e+08 7.181818181818181657e+00
3.125715849688235521e+08 7.353535353535352925e+00
3.430469286314926147e+08 7.525252525252525082e+00
3.764935806792471409e+08 7.696969696969697239e+00
4.132012400115334392e+08 7.868686868686868507e+00
4.534878508128591180e+08 8.040404040404039776e+00
4.977023564332113862e+08 8.212121212121211045e+00
5.462277217684336901e+08 8.383838383838384090e+00
5.994842503189420700e+08 8.555555555555555358e+00
6.579332246575682163e+08 8.727272727272726627e+00
7.220809018385456800e+08 8.898989898989899672e+00
7.924828983539185524e+08 9.070707070707070940e+00
8.697490026177834272e+08 9.242424242424242209e+00
9.545484566618328094e+08 9.414141414141413478e+00
1.047615752789666176e+09 9.585858585858584746e+00
1.149756995397735596e+09 9.757575757575757791e+00
1.261856883066018343e+09 9.929292929292929060e+00
1.384886371393874645e+09 1.010101010101010033e+01
1.519911082952933073e+09 1.027272727272727337e+01
1.668100537200055838e+09 1.044444444444444464e+01
1.830738280295369625e+09 1.061616161616161591e+01
2.009233002565045834e+09 1.078787878787878718e+01
2.205130739903040886e+09 1.095959595959595845e+01
2.420128264794383526e+09 1.113131313131313149e+01
2.656087782946683884e+09 1.130303030303030276e+01
2.915053062825181961e+09 1.147474747474747403e+01
3.199267137797384262e+09 1.164646464646464707e+01
3.511191734215141773e+09 1.181818181818181834e+01
3.853528593710535526e+09 1.198989898989898961e+01
4.229242874389499187e+09 1.216161616161616088e+01
4.641588833612792015e+09 1.233333333333333215e+01
5.094138014816385269e+09 1.250505050505050519e+01
5.590810182512222290e+09 1.267676767676767646e+01
6.135907273413187981e+09 1.284848484848484773e+01
6.734150657750828743e+09 1.302020202020202078e+01
7.390722033525774956e+09 1.319191919191919204e+01
8.111308307896888733e+09 1.336363636363636331e+01
8.902150854450391769e+09 1.353535353535353458e+01
9.770099572992246628e+09 1.370707070707070585e+01
1.072267222010325432e+10 1.387878787878787890e+01
1.176811952434999084e+10 1.405050505050505016e+01
1.291549665014882660e+10 1.422222222222222143e+01
1.417474162926807594e+10 1.439393939393939448e+01
1.555676143930472183e+10 1.456565656565656575e+01
1.707352647470688629e+10 1.473737373737373701e+01
1.873817422860386658e+10 1.490909090909090828e+01
2.056512308348651505e+10 1.508080808080807955e+01
2.257019719633916855e+10 1.525252525252525260e+01
2.477076355991714096e+10 1.542424242424242387e+01
2.718588242732939911e+10 1.559595959595959513e+01
2.983647240283334351e+10 1.576767676767676818e+01
3.274549162877731705e+10 1.593939393939393945e+01
3.593813663804625702e+10 1.611111111111111072e+01
3.944206059437664032e+10 1.628282828282828376e+01
4.328761281083061218e+10 1.645454545454545325e+01
4.750810162102793121e+10 1.662626262626262630e+01
5.214008287999694824e+10 1.679797979797979934e+01
5.722367659350220490e+10 1.696969696969696884e+01
6.280291441834272003e+10 1.714141414141414188e+01
6.892612104349708557e+10 1.731313131313131137e+01
7.564633275546290588e+10 1.748484848484848442e+01
8.302175681319769287e+10 1.765656565656565746e+01
9.111627561154905701e+10 1.782828282828282696e+01
1.000000000000000000e+11 1.800000000000000000e+01
