1.000000000000000000e+01 1.000000000000000000e+00
1.232846739442065953e+01 1.090909090909090828e+00
1.519911082952933867e+01 1.181818181818181879e+00
1.873817422860383886e+01 1.272727272727272707e+00
2.310129700083160387e+01 1.363636363636363757e+00
2.848035868435801987e+01 1.454545454545454586e+00
3.511191734215130822e+01 1.545454545454545414e+00
4.328761281083057355e+01 1.636363636363636243e+00
5.336699231206309690e+01 1.727272727272727293e+00
6.579332246575683030e+01 1.818181818181818343e+00
8.111308307896872805e+01 1.909090909090909172e+00
1.000000000000000000e+02 2.000000000000000000e+00
1.232846739442065882e+02 2.090909090909090828e+00
1.519911082952933157e+02 2.181818181818181657e+00
1.873817422860383033e+02 2.272727272727272485e+00
2.310129700083160458e+02 2.363636363636363757e+00
2.848035868435802058e+02 2.454545454545454586e+00
3.511191734215130964e+02 2.545454545454545414e+00
4.328761281083061476e+02 2.636363636363636687e+00
5.336699231206312106e+02 2.727272727272727515e+00
6.579332246575681893e+02 2.818181818181818343e+00
8.111308307896872520e+02 2.909090909090909172e+00
1.000000000000000000e+03 3.000000000000000000e+00
1.232846739442065882e+03 3.090909090909090828e+00
1.519911082952933157e+03 3.181818181818181657e+00
1.873817422860385022e+03 3.272727272727272929e+00
2.310129700083160515e+03 3.363636363636363757e+00
2.848035868435802058e+03 3.454545454545454586e+00
3.511191734215130964e+03 3.545454545454545414e+00
4.328761281083056929e+03 3.636363636363636243e+00
5.336699231206313016e+03 3.727272727272727515e+00
6.579332246575682802e+03 3.818181818181818343e+00
8.111308307896872066e+03 3.909090909090909172e+00
1.000000000000000000e+04 4.000000000000000000e+00
1.232846739442065882e+04 4.090909090909090828e+00
1.519911082952933066e+04 4.181818181818181657e+00
1.873817422860386796e+04 4.272727272727273373e+00
2.310129700083157877e+04 4.363636363636363313e+00
2.848035868435804878e+04 4.454545454545455030e+00
3.511191734215127508e+04 4.545454545454544970e+00
4.328761281083061476e+04 4.636363636363636687e+00
5.336699231206312834e+04 4.727272727272727515e+00
6.579332246575682075e+04 4.818181818181818343e+00
8.111308307896871702e+04 4.909090909090909172e+00
1.000000000000000000e+05 5.000000000000000000e+00
1.232846739442065882e+05 5.090909090909090828e+00
1.519911082952933211e+05 5.181818181818181657e+00
1.873817422860382940e+05 5.272727272727272485e+00
2.310129700083158095e+05 5.363636363636363313e+00
2.848035868435804732e+05 5.454545454545455030e+00
3.511191734215134638e+05 5.545454545454545858e+00
4.328761281083061476e+05 5.636363636363636687e+00
5.336699231206312543e+05 5.727272727272727515e+00
6.579332246575682657e+05 5.818181818181818343e+00
8.111308307896872284e+05 5.909090909090909172e+00
1.000000000000000000e+06 6.000000000000000000e+00
1.232846739442065824e+06 6.090909090909090828e+00
1.519911082952933153e+06 6.181818181818181657e+00
1.873817422860383056e+06 6.272727272727272485e+00
2.310129700083162636e+06 6.363636363636364202e+00
2.848035868435804732e+06 6.454545454545455030e+00
3.511191734215134755e+06 6.545454545454545858e+00
4.328761281083061360e+06 6.636363636363636687e+00
5.336699231206312776e+06 6.727272727272727515e+00
6.579332246575682424e+06 6.818181818181818343e+00
8.111308307896872051e+06 6.909090909090909172e+00
1.000000000000000000e+07 7.000000000000000000e+00
1.232846739442065917e+07 7.090909090909090828e+00
1.519911082952933200e+07 7.181818181818181657e+00
1.873817422860382870e+07 7.272727272727272485e+00
2.310129700083162636e+07 7.363636363636364202e+00
2.848035868435804918e+07 7.454545454545455030e+00
3.511191734215134382e+07 7.545454545454545858e+00
4.328761281083061546e+07 7.636363636363636687e+00
5.336699231206312776e+07 7.727272727272727515e+00
6.579332246575682610e+07 7.818181818181818343e+00
8.111308307896871865e+07 7.909090909090909172e+00
1.000000000000000000e+08 8.000000000000000000e+00
1.232846739442063421e+08 8.090909090909089940e+00
1.519911082952933013e+08 8.181818181818181657e+00
1.873817422860386968e+08 8.272727272727273373e+00
2.310129700083158016e+08 8.363636363636363313e+00
2.848035868435804844e+08 8.454545454545455030e+00
3.511191734215141535e+08 8.545454545454546746e+00
4.328761281083061695e+08 8.636363636363636687e+00
5.336699231206301451e+08 8.727272727272726627e+00
6.579332246575682163e+08 8.818181818181818343e+00
8.111308307896889448e+08 8.909090909090910060e+00
1.000000000000000000e+09 9.000000000000000000e+00
1.232846739442068338e+09 9.090909090909091717e+00
1.519911082952933073e+09 9.181818181818181657e+00
1.873817422860386848e+09 9.272727272727273373e+00
2.310129700083158016e+09 9.363636363636363313e+00
2.848035868435804844e+09 9.454545454545455030e+00
3.511191734215127468e+09 9.545454545454544970e+00
4.328761281083061218e+09 9.636363636363636687e+00
5.336699231206301689e+09 9.727272727272726627e+00
6.579332246575682640e+09 9.818181818181818343e+00
8.111308307896888733e+09 9.909090909090910060e+00
1.000000000000000000e+10 1.000000000000000000e+01
