1.000000000000000000e+07 1.000000000000000000e+01
1.097498765493056737e+07 1.232846739442065953e+01
1.204503540258781239e+07 1.519911082952933867e+01
1.321941148466028646e+07 1.873817422860383886e+01
1.450828778495940194e+07 2.310129700083160387e+01
1.592282793341093883e+07 2.848035868435801987e+01
1.747528400007683039e+07 3.511191734215130822e+01
1.917910261672488600e+07 4.328761281083057355e+01
2.104904144512021914e+07 5.336699231206309690e+01
2.310129700083158165e+07 6.579332246575683030e+01
2.535364493970111385e+07 8.111308307896872805e+01
2.782559402207125723e+07 1.000000000000000000e+02
3.053855508833412454e+07 1.232846739442065882e+02
3.351602650938840955e+07 1.519911082952933157e+02
3.678379771828634292e+07 1.873817422860383033e+02
4.037017258596558124e+07 2.310129700083160458e+02
4.430621457583877444e+07 2.848035868435802058e+02
4.862601580065353215e+07 3.511191734215130964e+02
5.336699231206312776e+07 4.328761281083061476e+02
5.857020818056673557e+07 5.336699231206312106e+02
6.428073117284319550e+07 6.579332246575681893e+02
7.054802310718645155e+07 8.111308307896872520e+02
7.742636826811277866e+07 1.000000000000000000e+03
8.497534359086437523e+07 1.232846739442065882e+03
9.326033468832199275e+07 1.519911082952933157e+03
1.023531021899026930e+08 1.873817422860385022e+03
1.123324032978026569e+08 2.310129700083160515e+03
1.232846739442068487e+08 2.848035868435802058e+03
1.353047774579807520e+08 3.511191734215130964e+03
1.484968262254463434e+08 4.328761281083056929e+03
1.629750834620646834e+08 5.336699231206313016e+03
1.788649529057435095e+08 6.579332246575682802e+03
1.963040650040268302e+08 8.111308307896872066e+03
2.154434690031886697e+08 1.000000000000000000e+04
2.364489412645407319e+08 1.232846739442065882e+04
2.595024211399742663e+08 1.519911082952933066e+04
2.848035868435804844e+08 1.873817422860386796e+04
3.125715849688235521e+08 2.310129700083157877e+04
3.430469286314926147e+08 2.848035868435804878e+04
3.764935806792471409e+08 3.511191734215127508e+04
4.132012400115334392e+08 4.328761281083061476e+04
4.534878508128591180e+08 5.336699231206312834e+04
4.977023564332113862e+08 6.579332246575682075e+04
5.462277217684336901e+08 8.111308307896871702e+04
5.994842503189420700e+08 1.000000000000000000e+05
6.579332246575682163e+08 1.232846739442065882e+05
7.220809018385456800e+08 1.519911082952933211e+05
7.924828983539185524e+08 1.873817422860382940e+05
8.697490026177834272e+08 2.310129700083158095e+05
9.545484566618328094e+08 2.848035868435804732e+05
1.047615752789666176e+09 3.511191734215134638e+05
1.149756995397735596e+09 4.328761281083061476e+05
1.261856883066018343e+09 5.336699231206312543e+05
1.384886371393874645e+09 6.579332246575682657e+05
1.519911082952933073e+09 8.111308307896872284e+05
1.668100537200055838e+09 1.000000000000000000e+06
1.830738280295369625e+09 1.232846739442065824e+06
2.009233002565045834e+09 1.519911082952933153e+06
2.205130739903040886e+09 1.873817422860383056e+06
2.420128264794383526e+09 2.310129700083162636e+06
2.656087782946683884e+09 2.848035868435804732e+06
2.915053062825181961e+09 3.511191734215134755e+06
3.199267137797384262e+09 4.328761281083061360e+06
3.511191734215141773e+09 5.336699231206312776e+06
3.853528593710535526e+09 6.579332246575682424e+06
4.229242874389499187e+09 8.111308307896872051e+06
4.641588833612792015e+09 1.000000000000000000e+07
5.094138014816385269e+09 1.232846739442065917e+07
5.590810182512222290e+09 1.519911082952933200e+07
6.135907273413187981e+09 1.873817422860382870e+07
6.734150657750828743e+09 2.310129700083162636e+07
7.390722033525774956e+09 2.848035868435804918e+07
8.111308307896888733e+09 3.511191734215134382e+07
8.902150854450391769e+09 4.328761281083061546e+07
9.770099572992246628e+09 5.336699231206312776e+07
1.072267222010325432e+10 6.579332246575682610e+07
1.176811952434999084e+10 8.111308307896871865e+07
1.291549665014882660e+10 1.000000000000000000e+08
1.417474162926807594e+10 1.232846739442063421e+08
1.555676143930472183e+10 1.519911082952933013e+08
1.707352647470688629e+10 1.873817422860386968e+08
1.873817422860386658e+10 2.310129700083158016e+08
2.056512308348651505e+10 2.848035868435804844e+08
2.257019719633916855e+10 3.511191734215141535e+08
2.477076355991714096e+10 4.328761281083061695e+08
2.718588242732939911e+10 5.336699231206301451e+08
2.983647240283334351e+10 6.579332246575682163e+08
3.274549162877731705e+10 8.111308307896889448e+08
3.593813663804625702e+10 1.000000000000000000e+09
3.944206059437664032e+10 1.232846739442068338e+09
4.328761281083061218e+10 1.519911082952933073e+09
4.750810162102793121e+10 1.873817422860386848e+09
5.214008287999694824e+10 2.310129700083158016e+09
5.722367659350220490e+10 2.848035868435804844e+09
6.280291441834272003e+10 3.511191734215127468e+09
6.892612104349708557e+10 4.328761281083061218e+09
7.564633275546290588e+10 5.336699231206301689e+09
8.302175681319769287e+10 6.579332246575682640e+09
9.111627561154905701e+10 8.111308307896888733e+09
1.000000000000000000e+11 1.000000000000000000e+10
