1.000000000000000000e+01 1.000000000000000030e-13
1.232846739442065953e+01 1.072267222010325411e-13
1.519911082952933867e+01 1.149756995397735724e-13
1.873817422860383886e+01 1.232846739442068443e-13
2.310129700083160387e+01 1.321941148466028670e-13
2.848035868435801987e+01 1.417474162926807624e-13
3.511191734215130822e+01 1.519911082952933248e-13
4.328761281083057355e+01 1.629750834620646716e-13
5.336699231206309690e+01 1.747528400007682937e-13
6.579332246575683030e+01 1.873817422860386743e-13
8.111308307896872805e+01 2.009233002565046011e-13
1.000000000000000000e+02 2.154434690031886783e-13
1.232846739442065882e+02 2.310129700083157805e-13
1.519911082952933157e+02 2.477076355991713762e-13
1.873817422860383033e+02 2.656087782946683727e-13
2.310129700083160458e+02 2.848035868435804944e-13
2.848035868435802058e+02 3.053855508833412286e-13
3.511191734215130964e+02 3.274549162877731580e-13
4.328761281083061476e+02 3.511191734215127553e-13
5.336699231206312106e+02 3.764935806792471359e-13
6.579332246575681893e+02 4.037017258596549465e-13
8.111308307896872520e+02 4.328761281083061439e-13
1.000000000000000000e+03 4.641588833612772099e-13
1.232846739442065882e+03 4.977023564332113542e-13
1.519911082952933157e+03 5.336699231206301428e-13
1.873817422860385022e+03 5.722367659350220269e-13
2.310129700083160515e+03 6.135907273413162740e-13
2.848035868435802058e+03 6.579332246575682778e-13
3.511191734215130964e+03 7.054802310718631120e-13
4.328761281083056929e+03 7.564633275546290717e-13
5.336699231206313016e+03 8.111308307896889064e-13
6.579332246575682802e+03 8.697490026177834252e-13
8.111308307896872066e+03 9.326033468832179848e-13
1.000000000000000000e+04 9.999999999999999799e-13
1.232846739442065882e+04 1.072267222010325361e-12
1.519911082952933066e+04 1.149756995397735724e-12
1.873817422860386796e+04 1.232846739442063444e-12
2.310129700083157877e+04 1.321941148466028670e-12
2.848035868435804878e+04 1.417474162926807624e-12
3.511191734215127508e+04 1.519911082952933197e-12
4.328761281083061476e+04 1.629750834620646767e-12
5.336699231206312834e+04 1.747528400007682937e-12
6.579332246575682075e+04 1.873817422860386995e-12
8.111308307896871702e+04 2.009233002565045910e-12
1.000000000000000000e+05 2.154434690031886783e-12
1.232846739442065882e+05 2.310129700083158108e-12
1.519911082952933211e+05 2.477076355991713964e-12
1.873817422860382940e+05 2.656087782946683929e-12
2.310129700083158095e+05 2.848035868435804944e-12
2.848035868435804732e+05 3.053855508833412387e-12
3.511191734215134638e+05 3.274549162877731883e-12
4.328761281083061476e+05 3.511191734215127553e-12
5.336699231206312543e+05 3.764935806792471460e-12
6.579332246575682657e+05 4.037017258596549768e-12
8.111308307896872284e+05 4.328761281083061339e-12
1.000000000000000000e+06 4.641588833612772503e-12
1.232846739442065824e+06 4.977023564332113542e-12
1.519911082952933153e+06 5.336699231206301832e-12
1.873817422860383056e+06 5.722367659350220067e-12
2.310129700083162636e+06 6.135907273413163346e-12
2.848035868435804732e+06 6.579332246575681970e-12
3.511191734215134755e+06 7.054802310718631322e-12
4.328761281083061360e+06 7.564633275546290717e-12
5.336699231206312776e+06 8.111308307896888862e-12
6.579332246575682424e+06 8.697490026177834858e-12
8.111308307896872051e+06 9.326033468832179848e-12
1.000000000000000000e+07 9.999999999999999395e-12
1.232846739442065917e+07 1.072267222010325401e-11
1.519911082952933200e+07 1.149756995397735603e-11
1.873817422860382870e+07 1.232846739442063444e-11
2.310129700083162636e+07 1.321941148466028791e-11
2.848035868435804918e+07 1.417474162926807664e-11
3.511191734215134382e+07 1.519911082952933036e-11
4.328761281083061546e+07 1.629750834620646807e-11
5.336699231206312776e+07 1.747528400007682977e-11
6.579332246575682610e+07 1.873817422860386753e-11
8.111308307896871865e+07 2.009233002565045990e-11
1.000000000000000000e+08 2.154434690031886783e-11
1.232846739442063421e+08 2.310129700083158027e-11
1.519911082952933013e+08 2.477076355991713803e-11
1.873817422860386968e+08 2.656087782946683849e-11
2.310129700083158016e+08 2.848035868435804863e-11
2.848035868435804844e+08 3.053855508833412468e-11
3.511191734215141535e+08 3.274549162877731479e-11
4.328761281083061695e+08 3.511191734215127634e-11
5.336699231206301451e+08 3.764935806792470976e-11
6.579332246575682163e+08 4.037017258596549929e-11
8.111308307896889448e+08 4.328761281083061662e-11
1.000000000000000000e+09 4.641588833612791566e-11
1.232846739442068338e+09 4.977023564332114188e-11
1.519911082952933073e+09 5.336699231206301832e-11
1.873817422860386848e+09 5.722367659350219905e-11
2.310129700083158016e+09 6.135907273413188226e-11
2.848035868435804844e+09 6.579332246575681809e-11
3.511191734215127468e+09 7.054802310718630353e-11
4.328761281083061218e+09 7.564633275546291040e-11
5.336699231206301689e+09 8.111308307896888538e-11
6.579332246575682640e+09 8.697490026177834858e-11
8.111308307896888733e+09 9.326033468832179848e-11
1.000000000000000000e+10 1.000000000000000036e-10
