1.000000000000000000e+01 -8.499999999999999778e-01
1.232846739442065953e+01 -8.328282828282828065e-01
1.519911082952933867e+01 -8.156565656565656353e-01
1.873817422860383886e+01 -7.984848484848484640e-01
2.310129700083160387e+01 -7.813131313131312927e-01
2.848035868435801987e+01 -7.641414141414141215e-01
3.511191734215130822e+01 -7.469696969696969502e-01
4.328761281083057355e+01 -7.297979797979797789e-01
5.336699231206309690e+01 -7.126262626262626076e-01
6.579332246575683030e+01 -6.954545454545454364e-01
8.111308307896872805e+01 -6.782828282828282651e-01
1.000000000000000000e+02 -6.611111111111110938e-01
1.232846739442065882e+02 -6.439393939393939226e-01
1.519911082952933157e+02 -6.267676767676767513e-01
1.873817422860383033e+02 -6.095959595959595800e-01
2.310129700083160458e+02 -5.924242424242424088e-01
2.848035868435802058e+02 -5.752525252525252375e-01
3.511191734215130964e+02 -5.580808080808080662e-01
4.328761281083061476e+02 -5.409090909090908950e-01
5.336699231206312106e+02 -5.237373737373737237e-01
6.579332246575681893e+02 -5.065656565656565524e-01
8.111308307896872520e+02 -4.893939393939393812e-01
1.000000000000000000e+03 -4.722222222222222099e-01
1.232846739442065882e+03 -4.550505050505050386e-01
1.519911082952933157e+03 -4.378787878787878673e-01
1.873817422860385022e+03 -4.207070707070706961e-01
2.310129700083160515e+03 -4.035353535353535248e-01
2.848035868435802058e+03 -3.863636363636363535e-01
3.511191734215130964e+03 -3.691919191919191823e-01
4.328761281083056929e+03 -3.520202020202020110e-01
5.336699231206313016e+03 -3.348484848484848397e-01
6.579332246575682802e+03 -3.176767676767676685e-01
8.111308307896872066e+03 -3.005050505050504972e-01
1.000000000000000000e+04 -2.833333333333333259e-01
1.232846739442065882e+04 -2.661616161616161547e-01
1.519911082952933066e+04 -2.489898989898989834e-01
1.873817422860386796e+04 -2.318181818181818121e-01
2.310129700083157877e+04 -2.146464646464646409e-01
2.848035868435804878e+04 -1.974747474747474696e-01
3.511191734215127508e+04 -1.803030303030302983e-01
4.328761281083061476e+04 -1.631313131313131271e-01
5.336699231206312834e+04 -1.459595959595959558e-01
6.579332246575682075e+04 -1.287878787878787845e-01
8.111308307896871702e+04 -1.116161616161616132e-01
1.000000000000000000e+05 -9.444444444444444198e-02
1.232846739442065882e+05 -7.727272727272727071e-02
1.519911082952933211e+05 -6.010101010101009944e-02
1.873817422860382940e+05 -4.292929292929292817e-02
2.310129700083158095e+05 -2.575757575757575690e-02
2.848035868435804732e+05 -8.585858585858585634e-03
3.511191734215134638e+05 8.585858585858585634e-03
4.328761281083061476e+05 2.575757575757575690e-02
5.336699231206312543e+05 4.292929292929292817e-02
6.579332246575682657e+05 6.010101010101009944e-02
8.111308307896872284e+05 7.727272727272727071e-02
1.000000000000000000e+06 9.444444444444444198e-02
1.232846739442065824e+06 1.116161616161616132e-01
1.519911082952933153e+06 1.287878787878787845e-01
1.873817422860383056e+06 1.459595959595959558e-01
2.310129700083162636e+06 1.631313131313131271e-01
2.848035868435804732e+06 1.803030303030302983e-01
3.511191734215134755e+06 1.974747474747474696e-01
4.328761281083061360e+06 2.146464646464646409e-01
5.336699231206312776e+06 2.318181818181818121e-01
6.579332246575682424e+06 2.489898989898989834e-01
8.111308307896872051e+06 2.661616161616161547e-01
1.000000000000000000e+07 2.833333333333333259e-01
1.232846739442065917e+07 3.005050505050504972e-01
1.519911082952933200e+07 3.176767676767676685e-01
1.873817422860382870e+07 3.348484848484848397e-01
2.310129700083162636e+07 3.520202020202020110e-01
2.848035868435804918e+07 3.691919191919191823e-01
3.511191734215134382e+07 3.863636363636363535e-01
4.328761281083061546e+07 4.035353535353535248e-01
5.336699231206312776e+07 4.207070707070706961e-01
6.579332246575682610e+07 4.378787878787878673e-01
8.111308307896871865e+07 4.550505050505050386e-01
1.000000000000000000e+08 4.722222222222222099e-01
1.232846739442063421e+08 4.893939393939393812e-01
1.519911082952933013e+08 5.065656565656565524e-01
1.873817422860386968e+08 5.237373737373737237e-01
2.310129700083158016e+08 5.409090909090908950e-01
2.848035868435804844e+08 5.580808080808080662e-01
3.511191734215141535e+08 5.752525252525252375e-01
4.328761281083061695e+08 5.924242424242424088e-01
5.336699231206301451e+08 6.095959595959595800e-01
6.579332246575682163e+08 6.267676767676767513e-01
8.111308307896889448e+08 6.439393939393939226e-01
1.000000000000000000e+09 6.611111111111110938e-01
1.232846739442068338e+09 6.782828282828282651e-01
1.519911082952933073e+09 6.954545454545454364e-01
1.873817422860386848e+09 7.126262626262626076e-01
2.310129700083158016e+09 7.297979797979797789e-01
2.848035868435804844e+09 7.469696969696969502e-01
3.511191734215127468e+09 7.641414141414141215e-01
4.328761281083061218e+09 7.813131313131312927e-01
5.336699231206301689e+09 7.984848484848484640e-01
6.579332246575682640e+09 8.156565656565656353e-01
8.111308307896888733e+09 8.328282828282828065e-01
1.000000000000000000e+10 8.499999999999999778e-01
