1.000000000000000000e+07 -8.499999999999999778e-01
1.097498765493056737e+07 -8.328282828282828065e-01
1.204503540258781239e+07 -8.156565656565656353e-01
1.321941148466028646e+07 -7.984848484848484640e-01
1.450828778495940194e+07 -7.813131313131312927e-01
1.592282793341093883e+07 -7.641414141414141215e-01
1.747528400007683039e+07 -7.469696969696969502e-01
1.917910261672488600e+07 -7.297979797979797789e-01
2.104904144512021914e+07 -7.126262626262626076e-01
2.310129700083158165e+07 -6.954545454545454364e-01
2.535364493970111385e+07 -6.782828282828282651e-01
2.782559402207125723e+07 -6.611111111111110938e-01
3.053855508833412454e+07 -6.439393939393939226e-01
3.351602650938840955e+07 -6.267676767676767513e-01
3.678379771828634292e+07 -6.095959595959595800e-01
4.037017258596558124e+07 -5.924242424242424088e-01
4.430621457583877444e+07 -5.752525252525252375e-01
4.862601580065353215e+07 -5.580808080808080662e-01
5.336699231206312776e+07 -5.409090909090908950e-01
5.857020818056673557e+07 -5.237373737373737237e-01
6.428073117284319550e+07 -5.065656565656565524e-01
7.054802310718645155e+07 -4.893939393939393812e-01
7.742636826811277866e+07 -4.722222222222222099e-01
8.497534359086437523e+07 -4.550505050505050386e-01
9.326033468832199275e+07 -4.378787878787878673e-01
1.023531021899026930e+08 -4.207070707070706961e-01
1.123324032978026569e+08 -4.035353535353535248e-01
1.232846739442068487e+08 -3.863636363636363535e-01
1.353047774579807520e+08 -3.691919191919191823e-01
1.484968262254463434e+08 -3.520202020202020110e-01
1.629750834620646834e+08 -3.348484848484848397e-01
1.788649529057435095e+08 -3.176767676767676685e-01
1.963040650040268302e+08 -3.005050505050504972e-01
2.154434690031886697e+08 -2.833333333333333259e-01
2.364489412645407319e+08 -2.661616161616161547e-01
2.595024211399742663e+08 -2.489898989898989834e-01
2.848035868435804844e+08 -2.318181818181818121e-01
3.125715849688235521e+08 -2.146464646464646409e-01
3.430469286314926147e+08 -1.974747474747474696e-01
3.764935806792471409e+08 -1.803030303030302983e-01
4.132012400115334392e+08 -1.631313131313131271e-01
4.534878508128591180e+08 -1.459595959595959558e-01
4.977023564332113862e+08 -1.287878787878787845e-01
5.462277217684336901e+08 -1.116161616161616132e-01
5.994842503189420700e+08 -9.444444444444444198e-02
6.579332246575682163e+08 -7.727272727272727071e-02
7.220809018385456800e+08 -6.010101010101009944e-02
7.924828983539185524e+08 -4.292929292929292817e-02
8.697490026177834272e+08 -2.575757575757575690e-02
9.545484566618328094e+08 -8.585858585858585634e-03
1.047615752789666176e+09 8.585858585858585634e-03
1.149756995397735596e+09 2.575757575757575690e-02
1.261856883066018343e+09 4.292929292929292817e-02
1.384886371393874645e+09 6.010101010101009944e-02
1.519911082952933073e+09 7.727272727272727071e-02
1.668100537200055838e+09 9.444444444444444198e-02
1.830738280295369625e+09 1.116161616161616132e-01
2.009233002565045834e+09 1.287878787878787845e-01
2.205130739903040886e+09 1.459595959595959558e-01
2.420128264794383526e+09 1.631313131313131271e-01
2.656087782946683884e+09 1.803030303030302983e-01
2.915053062825181961e+09 1.974747474747474696e-01
3.199267137797384262e+09 2.146464646464646409e-01
3.511191734215141773e+09 2.318181818181818121e-01
3.853528593710535526e+09 2.489898989898989834e-01
4.229242874389499187e+09 2.661616161616161547e-01
4.641588833612792015e+09 2.833333333333333259e-01
5.094138014816385269e+09 3.005050505050504972e-01
5.590810182512222290e+09 3.176767676767676685e-01
6.135907273413187981e+09 3.348484848484848397e-01
6.734150657750828743e+09 3.520202020202020110e-01
7.390722033525774956e+09 3.691919191919191823e-01
8.111308307896888733e+09 3.863636363636363535e-01
8.902150854450391769e+09 4.035353535353535248e-01
9.770099572992246628e+09 4.207070707070706961e-01
1.072267222010325432e+10 4.378787878787878673e-01
1.176811952434999084e+10 4.550505050505050386e-01
1.291549665014882660e+10 4.722222222222222099e-01
1.417474162926807594e+10 4.893939393939393812e-01
1.555676143930472183e+10 5.065656565656565524e-01
1.707352647470688629e+10 5.237373737373737237e-01
1.873817422860386658e+10 5.409090909090908950e-01
2.056512308348651505e+10 5.580808080808080662e-01
2.257019719633916855e+10 5.752525252525252375e-01
2.477076355991714096e+10 5.924242424242424088e-01
2.718588242732939911e+10 6.095959595959595800e-01
2.983647240283334351e+10 6.267676767676767513e-01
3.274549162877731705e+10 6.439393939393939226e-01
3.593813663804625702e+10 6.611111111111110938e-01
3.944206059437664032e+10 6.782828282828282651e-01
4.328761281083061218e+10 6.954545454545454364e-01
4.750810162102793121e+10 7.126262626262626076e-01
5.214008287999694824e+10 7.297979797979797789e-01
5.722367659350220490e+10 7.469696969696969502e-01
6.280291441834272003e+10 7.641414141414141215e-01
6.892612104349708557e+10 7.813131313131312927e-01
7.564633275546290588e+10 7.984848484848484640e-01
8.302175681319769287e+10 8.156565656565656353e-01
9.111627561154905701e+10 8.328282828282828065e-01
1.000000000000000000e+11 8.499999999999999778e-01
