1.000000000000000000e+01 1.000000000000000048e-04
1.232846739442065953e+01 1.090909090909090924e-04
1.519911082952933867e+01 1.181818181818181936e-04
1.873817422860383886e+01 1.272727272727272813e-04
2.310129700083160387e+01 1.363636363636363689e-04
2.848035868435801987e+01 1.454545454545454566e-04
3.511191734215130822e+01 1.545454545454545442e-04
4.328761281083057355e+01 1.636363636363636319e-04
5.336699231206309690e+01 1.727272727272727466e-04
6.579332246575683030e+01 1.818181818181818072e-04
8.111308307896872805e+01 1.909090909090909219e-04
1.000000000000000000e+02 2.000000000000000096e-04
1.232846739442065882e+02 2.090909090909090972e-04
1.519911082952933157e+02 2.181818181818181849e-04
1.873817422860383033e+02 2.272727272727272725e-04
2.310129700083160458e+02 2.363636363636363873e-04
2.848035868435802058e+02 2.454545454545454478e-04
3.511191734215130964e+02 2.545454545454545626e-04
4.328761281083061476e+02 2.636363636363636231e-04
5.336699231206312106e+02 2.727272727272727379e-04
6.579332246575681893e+02 2.818181818181817984e-04
8.111308307896872520e+02 2.909090909090909132e-04
1.000000000000000000e+03 3.000000000000000279e-04
1.232846739442065882e+03 3.090909090909090885e-04
1.519911082952933157e+03 3.181818181818182032e-04
1.873817422860385022e+03 3.272727272727272638e-04
2.310129700083160515e+03 3.363636363636363785e-04
2.848035868435802058e+03 3.454545454545454391e-04
3.511191734215130964e+03 3.545454545454545538e-04
4.328761281083056929e+03 3.636363636363636144e-04
5.336699231206313016e+03 3.727272727272727291e-04
6.579332246575682802e+03 3.818181818181817897e-04
8.111308307896872066e+03 3.909090909090909044e-04
1.000000000000000000e+04 4.000000000000000192e-04
1.232846739442065882e+04 4.090909090909090797e-04
1.519911082952933066e+04 4.181818181818181945e-04
1.873817422860386796e+04 4.272727272727272550e-04
2.310129700083157877e+04 4.363636363636363698e-04
2.848035868435804878e+04 4.454545454545454303e-04
3.511191734215127508e+04 4.545454545454545451e-04
4.328761281083061476e+04 4.636363636363636056e-04
5.336699231206312834e+04 4.727272727272727204e-04
6.579332246575682075e+04 4.818181818181818351e-04
8.111308307896871702e+04 4.909090909090908957e-04
1.000000000000000000e+05 5.000000000000000104e-04
1.232846739442065882e+05 5.090909090909091252e-04
1.519911082952933211e+05 5.181818181818182399e-04
1.873817422860382940e+05 5.272727272727272462e-04
2.310129700083158095e+05 5.363636363636363610e-04
2.848035868435804732e+05 5.454545454545454758e-04
3.511191734215134638e+05 5.545454545454545905e-04
4.328761281083061476e+05 5.636363636363637053e-04
5.336699231206312543e+05 5.727272727272727116e-04
6.579332246575682657e+05 5.818181818181818264e-04
8.111308307896872284e+05 5.909090909090909411e-04
1.000000000000000000e+06 6.000000000000000559e-04
1.232846739442065824e+06 6.090909090909091706e-04
1.519911082952933153e+06 6.181818181818182854e-04
1.873817422860383056e+06 6.272727272727272917e-04
2.310129700083162636e+06 6.363636363636364065e-04
2.848035868435804732e+06 6.454545454545455212e-04
3.511191734215134755e+06 6.545454545454546360e-04
4.328761281083061360e+06 6.636363636363636423e-04
5.336699231206312776e+06 6.727272727272727570e-04
6.579332246575682424e+06 6.818181818181818718e-04
8.111308307896872051e+06 6.909090909090909866e-04
1.000000000000000000e+07 7.000000000000001013e-04
1.232846739442065917e+07 7.090909090909091076e-04
1.519911082952933200e+07 7.181818181818182224e-04
1.873817422860382870e+07 7.272727272727273371e-04
2.310129700083162636e+07 7.363636363636364519e-04
2.848035868435804918e+07 7.454545454545454582e-04
3.511191734215134382e+07 7.545454545454545730e-04
4.328761281083061546e+07 7.636363636363636877e-04
5.336699231206312776e+07 7.727272727272728025e-04
6.579332246575682610e+07 7.818181818181819173e-04
8.111308307896871865e+07 7.909090909090909236e-04
1.000000000000000000e+08 8.000000000000000383e-04
1.232846739442063421e+08 8.090909090909091531e-04
1.519911082952933013e+08 8.181818181818182678e-04
1.873817422860386968e+08 8.272727272727272742e-04
2.310129700083158016e+08 8.363636363636363889e-04
2.848035868435804844e+08 8.454545454545455037e-04
3.511191734215141535e+08 8.545454545454546184e-04
4.328761281083061695e+08 8.636363636363637332e-04
5.336699231206301451e+08 8.727272727272727395e-04
6.579332246575682163e+08 8.818181818181818543e-04
8.111308307896889448e+08 8.909090909090909690e-04
1.000000000000000000e+09 9.000000000000000838e-04
1.232846739442068338e+09 9.090909090909091985e-04
1.519911082952933073e+09 9.181818181818182049e-04
1.873817422860386848e+09 9.272727272727273196e-04
2.310129700083158016e+09 9.363636363636364344e-04
2.848035868435804844e+09 9.454545454545455491e-04
3.511191734215127468e+09 9.545454545454545555e-04
4.328761281083061218e+09 9.636363636363636702e-04
5.336699231206301689e+09 9.727272727272727850e-04
6.579332246575682640e+09 9.818181818181817913e-04
8.111308307896888733e+09 9.909090909090909061e-04
1.000000000000000000e+10 1.000000000000000021e-03
