1.000000000000000000e+01 1.000000000000000021e-03
1.232846739442065953e+01 1.090909090909090952e-03
1.519911082952933867e+01 1.181818181818181882e-03
1.873817422860383886e+01 1.272727272727272813e-03
2.310129700083160387e+01 1.363636363636363744e-03
2.848035868435801987e+01 1.454545454545454674e-03
3.511191734215130822e+01 1.545454545454545605e-03
4.328761281083057355e+01 1.636363636363636319e-03
5.336699231206309690e+01 1.727272727272727466e-03
6.579332246575683030e+01 1.818181818181818180e-03
8.111308307896872805e+01 1.909090909090909328e-03
1.000000000000000000e+02 2.000000000000000042e-03
1.232846739442065882e+02 2.090909090909091189e-03
1.519911082952933157e+02 2.181818181818181903e-03
1.873817422860383033e+02 2.272727272727272617e-03
2.310129700083160458e+02 2.363636363636363764e-03
2.848035868435802058e+02 2.454545454545454912e-03
3.511191734215130964e+02 2.545454545454545626e-03
4.328761281083061476e+02 2.636363636363636340e-03
5.336699231206312106e+02 2.727272727272727487e-03
6.579332246575681893e+02 2.818181818181818635e-03
8.111308307896872520e+02 2.909090909090909349e-03
1.000000000000000000e+03 3.000000000000000062e-03
1.232846739442065882e+03 3.090909090909091210e-03
1.519911082952933157e+03 3.181818181818181924e-03
1.873817422860385022e+03 3.272727272727273071e-03
2.310129700083160515e+03 3.363636363636363785e-03
2.848035868435802058e+03 3.454545454545454933e-03
3.511191734215130964e+03 3.545454545454545647e-03
4.328761281083056929e+03 3.636363636363636794e-03
5.336699231206313016e+03 3.727272727272727508e-03
6.579332246575682802e+03 3.818181818181818656e-03
8.111308307896872066e+03 3.909090909090908936e-03
1.000000000000000000e+04 4.000000000000000083e-03
1.232846739442065882e+04 4.090909090909091231e-03
1.519911082952933066e+04 4.181818181818182378e-03
1.873817422860386796e+04 4.272727272727273526e-03
2.310129700083157877e+04 4.363636363636363806e-03
2.848035868435804878e+04 4.454545454545454954e-03
3.511191734215127508e+04 4.545454545454545234e-03
4.328761281083061476e+04 4.636363636363636381e-03
5.336699231206312834e+04 4.727272727272727529e-03
6.579332246575682075e+04 4.818181818181818676e-03
8.111308307896871702e+04 4.909090909090909824e-03
1.000000000000000000e+05 5.000000000000000104e-03
1.232846739442065882e+05 5.090909090909091252e-03
1.519911082952933211e+05 5.181818181818182399e-03
1.873817422860382940e+05 5.272727272727273547e-03
2.310129700083158095e+05 5.363636363636363827e-03
2.848035868435804732e+05 5.454545454545454974e-03
3.511191734215134638e+05 5.545454545454546122e-03
4.328761281083061476e+05 5.636363636363636402e-03
5.336699231206312543e+05 5.727272727272727550e-03
6.579332246575682657e+05 5.818181818181818697e-03
8.111308307896872284e+05 5.909090909090909845e-03
1.000000000000000000e+06 6.000000000000000125e-03
1.232846739442065824e+06 6.090909090909091272e-03
1.519911082952933153e+06 6.181818181818182420e-03
1.873817422860383056e+06 6.272727272727273568e-03
2.310129700083162636e+06 6.363636363636363848e-03
2.848035868435804732e+06 6.454545454545454995e-03
3.511191734215134755e+06 6.545454545454546143e-03
4.328761281083061360e+06 6.636363636363637290e-03
5.336699231206312776e+06 6.727272727272727570e-03
6.579332246575682424e+06 6.818181818181818718e-03
8.111308307896872051e+06 6.909090909090909866e-03
1.000000000000000000e+07 7.000000000000000146e-03
1.232846739442065917e+07 7.090909090909091293e-03
1.519911082952933200e+07 7.181818181818182441e-03
1.873817422860382870e+07 7.272727272727273588e-03
2.310129700083162636e+07 7.363636363636363869e-03
2.848035868435804918e+07 7.454545454545455016e-03
3.511191734215134382e+07 7.545454545454546164e-03
4.328761281083061546e+07 7.636363636363637311e-03
5.336699231206312776e+07 7.727272727272727591e-03
6.579332246575682610e+07 7.818181818181817871e-03
8.111308307896871865e+07 7.909090909090910754e-03
1.000000000000000000e+08 8.000000000000000167e-03
1.232846739442063421e+08 8.090909090909091314e-03
1.519911082952933013e+08 8.181818181818182462e-03
1.873817422860386968e+08 8.272727272727273609e-03
2.310129700083158016e+08 8.363636363636364757e-03
2.848035868435804844e+08 8.454545454545454169e-03
3.511191734215141535e+08 8.545454545454547052e-03
4.328761281083061695e+08 8.636363636363636465e-03
5.336699231206301451e+08 8.727272727272727612e-03
6.579332246575682163e+08 8.818181818181818760e-03
8.111308307896889448e+08 8.909090909090908172e-03
1.000000000000000000e+09 9.000000000000001055e-03
1.232846739442068338e+09 9.090909090909090468e-03
1.519911082952933073e+09 9.181818181818183350e-03
1.873817422860386848e+09 9.272727272727272763e-03
2.310129700083158016e+09 9.363636363636365645e-03
2.848035868435804844e+09 9.454545454545455058e-03
3.511191734215127468e+09 9.545454545454547940e-03
4.328761281083061218e+09 9.636363636363637353e-03
5.336699231206301689e+09 9.727272727272726766e-03
6.579332246575682640e+09 9.818181818181819648e-03
8.111308307896888733e+09 9.909090909090909061e-03
1.000000000000000000e+10 1.000000000000000021e-02
