2.968135644933765898e-03 1.066692643678855343e-02 3.833494597932932818e-02 1.377686526617263874e-01 4.951148663796668403e-01 1.779350571948041804e+00 6.394654398165464215e+00 2.298119635143530459e+01 8.259013745836540465e+01 2.968135644933766457e+02
2.968135644933765898e-03 1.066692643678855343e-02 3.833494597932932818e-02 1.377686526617263874e-01 4.951148663796668403e-01 1.779350571948041804e+00 6.394654398165464215e+00 2.298119635143530459e+01 8.259013745836540465e+01 2.968135644933766457e+02
2.968135644933765898e-03 1.066692643678855343e-02 3.833494597932932818e-02 1.377686526617263874e-01 4.951148663796668403e-01 1.779350571948041804e+00 6.394654398165464215e+00 2.298119635143530459e+01 8.259013745836540465e+01 2.968135644933766457e+02
2.968135644933765898e-03 1.066692643678855343e-02 3.833494597932932818e-02 1.377686526617263874e-01 4.951148663796668403e-01 1.779350571948041804e+00 6.394654398165464215e+00 2.298119635143530459e+01 8.259013745836540465e+01 2.968135644933766457e+02
2.968135644933765898e-03 1.066692643678855343e-02 3.833494597932932818e-02 1.377686526617263874e-01 4.951148663796668403e-01 1.779350571948041804e+00 6.394654398165464215e+00 2.298119635143530459e+01 8.259013745836540465e+01 2.968135644933766457e+02
2.968135644933765898e-03 1.066692643678855343e-02 3.833494597932932818e-02 1.377686526617263874e-01 4.951148663796668403e-01 1.779350571948041804e+00 6.394654398165464215e+00 2.298119635143530459e+01 8.259013745836540465e+01 2.968135644933766457e+02
2.968135644933765898e-03 1.066692643678855343e-02 3.833494597932932818e-02 1.377686526617263874e-01 4.951148663796668403e-01 1.779350571948041804e+00 6.394654398165464215e+00 2.298119635143530459e+01 8.259013745836540465e+01 2.968135644933766457e+02
2.968135644933765898e-03 1.066692643678855343e-02 3.833494597932932818e-02 1.377686526617263874e-01 4.951148663796668403e-01 1.779350571948041804e+00 6.394654398165464215e+00 2.298119635143530459e+01 8.259013745836540465e+01 2.968135644933766457e+02
2.968135644933765898e-03 1.066692643678855343e-02 3.833494597932932818e-02 1.377686526617263874e-01 4.951148663796668403e-01 1.779350571948041804e+00 6.394654398165464215e+00 2.298119635143530459e+01 8.259013745836540465e+01 2.968135644933766457e+02
2.968135644933765898e-03 1.066692643678855343e-02 3.833494597932932818e-02 1.377686526617263874e-01 4.951148663796668403e-01 1.779350571948041804e+00 6.394654398165464215e+00 2.298119635143530459e+01 8.259013745836540465e+01 2.968135644933766457e+02
