1.035716920643044853e-02 3.722173621240636859e-02 1.337679841906768696e-01 4.807372093640572275e-01 1.727679951711857509e+00 6.208959817143367310e+00 2.231384462886375886e+01 8.019179971922372374e+01 2.881943855560309089e+02 1.035716920643045114e+03
1.123392728828122647e-02 4.037264138681283948e-02 1.450917502598114694e-01 5.214327145890405024e-01 1.873932014444835481e+00 6.734562478552752474e+00 2.420276265516888969e+01 8.698021913196595278e+01 3.125906999971805362e+02 1.123392728828122927e+03
1.204704489350596000e-02 4.329483454674958737e-02 1.555935679662685533e-01 5.591742905572915090e-01 2.009568205853056178e+00 7.222013676542033522e+00 2.595457143094070673e+01 9.327589344670754201e+01 3.352161803723627145e+02 1.204704489350596305e+03
1.280864782144885278e-02 4.603189355558437446e-02 1.654300480308585064e-01 5.945247670171567300e-01 2.136611231176524406e+00 7.678582636840588727e+00 2.759539519893072779e+01 9.917270832400545544e+01 3.564082342513224262e+02 1.280864782144885794e+03
1.352743979331140316e-02 4.861509796549708801e-02 1.747136033356031515e-01 6.278881349200340356e-01 2.256512958616425646e+00 8.109487103227882798e+00 2.914398555802782909e+01 1.047380535161646975e+02 3.764090478466937384e+02 1.352743979331140736e+03
1.420991891987506521e-02 5.106780077580302946e-02 1.835281602085326036e-01 6.595660098503509650e-01 2.370357338381292589e+00 8.518622590774223013e+00 3.061434226351924082e+01 1.100222415350264669e+02 3.953994349509919175e+02 1.420991891987506961e+03
1.486108892568716727e-02 5.340798444015030372e-02 1.919383442372761817e-01 6.897906441279612055e-01 2.478979042031666413e+00 8.908988753538672256e+00 3.201724551314909917e+01 1.150640144025421421e+02 4.135186271720692162e+02 1.486108892568717238e+03
1.548490014191051221e-02 5.564984571264835339e-02 1.999951759107340687e-01 7.187453958830081202e-01 2.583037024521025238e+00 9.282953752836869299e+00 3.336120603741165525e+01 1.198939580982509341e+02 4.308765448211145213e+02 1.548490014191051614e+03
1.608453607514679154e-02 5.780482552282113773e-02 2.077397717977560732e-01 7.465780304024330905e-01 2.683062326756615157e+00 9.642426050737318732e+00 3.465308249336553814e+01 1.245367213576054723e+02 4.475617708603929827e+02 1.608453607514679788e+03
1.666260691189878212e-02 5.988230439458741561e-02 2.152058437533751201e-01 7.734097018114853839e-01 2.779490354089183324e+00 9.988970412938828147e+00 3.589849835735978445e+01 1.290125139067470172e+02 4.636469352798528689e+02 1.666260691189878571e+03
1.722128443084938731e-02 6.189008729585257496e-02 2.224214413778951016e-01 7.993412151470015159e-01 2.872683381037493433e+00 1.032388878655697617e+01 3.710213258472791154e+01 1.333381510392854921e+02 4.791924691114303414e+02 1.722128443084939136e+03
1.776239864984383021e-02 6.383475096975377294e-02 2.294102002606657198e-01 8.244575123129386229e-01 2.962946672976615847e+00 1.064827823846777832e+01 3.826792782939904924e+01 1.375278019187830694e+02 4.942492936887398400e+02 1.776239864984383530e+03
