4.053851469771600768e-03 1.456878680309968942e-02 5.235750507803593745e-02 1.881631171521662427e-01 6.762231814455270662e-01 2.430220109260361028e+00 8.733758234712677648e+00 3.138749968027646986e+01 1.128008252236411693e+02 4.053851469771602751e+02
5.944379274866496386e-03 2.136299146085231249e-02 7.677461061175223922e-02 2.759136446497957307e-01 9.915822261725723008e-01 3.563561753204785187e+00 1.280677692047895810e+01 4.602516988611483129e+01 1.654058844156490693e+02 5.944379274866498690e+02
7.684029381728988903e-03 2.761496978513393666e-02 9.924305573936578750e-02 3.566610497538579838e-01 1.281773353952319283e+00 4.606454593334510683e+00 1.655473945922118872e+01 5.949464886927447793e+01 2.138126820296575659e+02 7.684029381728990984e+02
9.398470296004775293e-03 3.377635096864397418e-02 1.213859116245727815e-01 4.362383477897718298e-01 1.567759334962439910e+00 5.634234919545249021e+00 2.024839043894692381e+01 7.276894222953811209e+01 2.615180188851242065e+02 9.398470296004779811e+02
1.096730393884310512e-02 3.941444675051276186e-02 1.416481772832919872e-01 5.090571549737162860e-01 1.829456559202054855e+00 6.574725979797316100e+00 2.362834006196690950e+01 8.491585136771860221e+01 3.051717469189105714e+02 1.096730393884310843e+03
1.250274172220967525e-02 4.493252403629743874e-02 1.614791188308748182e-01 5.803258636735305620e-01 2.085583018329159266e+00 7.495196748270197773e+00 2.693634048683750848e+01 9.680418849449000618e+01 3.478962153250175788e+02 1.250274172220968012e+03
1.412113564629517877e-02 5.074873023409433304e-02 1.823814801360223170e-01 6.554450553377509925e-01 2.355547395745994255e+00 8.465398416571325413e+00 3.042306449902414656e+01 1.093348248914019933e+02 3.929289876244075685e+02 1.412113564629518351e+03
1.549023736918878937e-02 5.566902671296786176e-02 2.000641088517677302e-01 7.189931280283811121e-01 2.583927327690030307e+00 9.286153336530569291e+00 3.337270474500856210e+01 1.199352823107287804e+02 4.310250563405634239e+02 1.549023736918879649e+03
1.703549418762388343e-02 6.122239178114718267e-02 2.200218681138857990e-01 7.907175959635046603e-01 2.841691700584394464e+00 1.021251046188036327e+01 3.670185963965343490e+01 1.318996446600255297e+02 4.740227452301757012e+02 1.703549418762388996e+03
1.848725460066000595e-02 6.643974819008706401e-02 2.387720748652724934e-01 8.581023451858000861e-01 3.083859933071528836e+00 1.108281796473203862e+01 3.982958263511347496e+01 1.431400982977056913e+02 5.144188411006332444e+02 1.848725460066001460e+03
