5.924331065072925041e-03 2.129094193056135093e-02 7.651567802532188711e-02 2.749830891826780532e-01 9.882379832199166270e-01 3.551543167186449246e+00 1.276358436182665024e+01 4.586994387865548362e+01 1.648480310690638362e+02 5.924331065072927913e+02
5.012047570930798675e-03 1.801236504404993971e-02 6.473308361274320022e-02 2.326386403876845865e-01 8.360599245541934232e-01 3.004643580622313515e+00 1.079812915490335179e+01 3.880646410041861571e+01 1.394632009280284706e+02 5.012047570930800475e+02
4.282016910284537452e-03 1.538877088082308067e-02 5.530437506066049336e-02 1.987536187611781135e-01 7.142834708345389139e-01 2.567001697314949205e+00 9.225325774820152702e+00 3.315410182259753924e+01 1.191496641412211801e+02 4.282016910284538653e+02
3.708971663773313800e-03 1.332935304393275018e-02 4.790321109896109042e-02 1.721552145875643314e-01 6.186937624800075142e-01 2.223470097311336158e+00 7.990737216778501129e+00 2.871722059353061596e+01 1.032043397555221702e+02 3.708971663773315299e+02
3.256693455110820732e-03 1.170394943780039831e-02 4.206181341004535529e-02 1.511623197574221422e-01 5.432492101966288622e-01 1.952336434455708591e+00 7.016333354490547514e+00 2.521539467917617827e+01 9.061942993625002885e+01 3.256693455110822129e+02
2.894920911907928121e-03 1.040380632884848992e-02 3.738934134019258199e-02 1.343703257890396796e-01 4.829019128305310216e-01 1.735459492607746013e+00 6.236918037513176749e+00 2.241432126324430030e+01 8.055289402075412397e+01 2.894920911907929053e+02
2.601073074231027762e-03 9.347771954725799665e-03 3.359415057702310609e-02 1.207311173676160754e-01 4.338851392421396169e-01 1.559302341930168145e+00 5.603842062431204418e+00 2.013916417376828250e+01 7.237640338529323003e+01 2.601073074231028954e+02
2.358779678752995733e-03 8.477014639407226548e-03 3.046481103937339827e-02 1.094848541785264778e-01 3.934681649264463177e-01 1.414051267384789590e+00 5.081836766047717724e+00 1.826317440704692885e+01 6.563444572849236636e+01 2.358779678752996460e+02
2.156188939620666285e-03 7.748941272953180533e-03 2.784825102675863098e-02 1.000814250530266819e-01 3.596739928486067384e-01 1.292601310014485083e+00 4.645368249781827608e+00 1.669458788947004635e+01 5.999723806876483678e+01 2.156188939620667213e+02
1.984641198502829287e-03 7.132430656929076608e-03 2.563262675101060650e-02 9.211888425698619431e-02 3.310581049371945639e-01 1.189761141036550951e+00 4.275779845320950123e+00 1.536635603153480112e+01 5.522382026901652807e+01 1.984641198502829980e+02
