2.235785440710983014e-03 8.034996266162603221e-03 2.887627936995418657e-02 1.037759673595813198e-01 3.729514894714069939e-01 1.340318158798624371e+00 4.816853712935967202e+00 1.731087469009725766e+01 6.221205799368134137e+01 2.235785440710983778e+02
4.887720740987300944e-03 1.756555758382148669e-02 6.312734085708435194e-02 2.268679001318424926e-01 8.153209593724805027e-01 2.930111604179105544e+00 1.053027511957138884e+01 3.784384660833740099e+01 1.360037330319696309e+02 4.887720740987302861e+02
6.412256644469874027e-03 2.304445554471790461e-02 8.281747921154511416e-02 2.976305883923073270e-01 1.069628875330486784e+00 3.844046867362663544e+00 1.381478815623334455e+01 4.964777443843751570e+01 1.784248501543472116e+02 6.412256644469875937e+02
7.620495203472322024e-03 2.738663978719652406e-02 9.842248027292185841e-02 3.537120544303689607e-01 1.271175214264268050e+00 4.568366854112682063e+00 1.641785922158235422e+01 5.900272680094321487e+01 2.120448057789616314e+02 7.620495203472324874e+02
8.675445452224530771e-03 3.117793440579631412e-02 1.120476866767546598e-01 4.026785073766217526e-01 1.447151521930558182e+00 5.200792913109679283e+00 1.869068063375187805e+01 6.717082344738574307e+01 2.413994231142236231e+02 8.675445452224533938e+02
9.636338637199863555e-03 3.463120546341742073e-02 1.244580993884543962e-01 4.472792181533830069e-01 1.607438165735481261e+00 5.776833243741196000e+00 2.076086224487795917e+01 7.461067040800770656e+01 2.681368467779221874e+02 9.636338637199867208e+02
1.047306776963317400e-02 3.763825405245965067e-02 1.352648716954787389e-01 4.861167441319926286e-01 1.747012997265775969e+00 6.278439180417995757e+00 2.256354051395256732e+01 8.108916020285167292e+01 2.914193319234513524e+02 1.047306776963317816e+03
1.124871252728185805e-02 4.042577678075592873e-02 1.452827089645958025e-01 5.221189845915168437e-01 1.876398340956794142e+00 6.743425996470832295e+00 2.423461648697226423e+01 8.709469586794544682e+01 3.130021080551313730e+02 1.124871252728186164e+03
1.198651821797860895e-02 4.307731295321472892e-02 1.548118358912504156e-01 5.563648911446569256e-01 1.999471747856845560e+00 7.185728887839221812e+00 2.582417066151228013e+01 9.280725737976501932e+01 3.335319896716330277e+02 1.198651821797861203e+03
1.270637737649086413e-02 4.566435263309098075e-02 1.641091744415943965e-01 5.897777934639006903e-01 2.119551492759113476e+00 7.617273115815163642e+00 2.737506020454824451e+01 9.838086541057936074e+01 3.535624983694648336e+02 1.270637737649086830e+03
