1.000000000000000000e+08 1.000000000000000087e-07
2.154434690031886697e+08 1.444444444444444497e-07
4.641588833612772822e+08 1.888888888888889039e-07
1.000000000000000000e+09 2.333333333333333581e-07
2.154434690031886578e+09 2.777777777777778123e-07
4.641588833612772942e+09 3.222222222222222665e-07
1.000000000000000000e+10 3.666666666666667207e-07
2.154434690031877899e+10 4.111111111111111749e-07
4.641588833612772369e+10 4.555555555555556291e-07
1.000000000000000000e+11 5.000000000000000833e-07
