3.404714611713103439e-03 1.223590989292985126e-02 4.397358016229329508e-02 1.580328532336582048e-01 5.679406272811531320e-01 2.041072786552770690e+00 7.335235269133147717e+00 2.636146873743220809e+01 9.473820654654258533e+01 3.404714611713104659e+02
3.683400014801743467e-03 1.323745330245271017e-02 4.757294055232999530e-02 1.709682837843292946e-01 6.144281543413507851e-01 2.208140296498195543e+00 7.935644769152832900e+00 2.851922860248104996e+01 1.024927934327643442e+02 3.683400014801745215e+02
4.956530873852056478e-03 1.781284837951905772e-02 6.401605789759538812e-02 2.300617835752870877e-01 8.267991813321312611e-01 2.971362195093880221e+00 1.067852205684092048e+01 3.837661847711382990e+01 1.379184158536691029e+02 4.956530873852058789e+02
5.131855363767310815e-03 1.844293192697607497e-02 6.628046075978490104e-02 2.381996255217820879e-01 8.560450689133274338e-01 3.076466465493277180e+00 1.105624721992648851e+01 3.973409232937356705e+01 1.427969239321776627e+02 5.131855363767313065e+02
6.146419207244437945e-03 2.208908533046632580e-02 7.938405668157584583e-02 2.852915075904891018e-01 1.025284518146122981e+00 3.684681510600865018e+00 1.324205875956569223e+01 4.758949170703073861e+01 1.710277655502443963e+02 6.146419207244440486e+02
6.386664082544130615e-03 2.295248064597740084e-02 8.248693856372443789e-02 2.964426868957265593e-01 1.065359778700820881e+00 3.828704529562868331e+00 1.375965065301373258e+01 4.944962052597880131e+01 1.777127219162167648e+02 6.386664082544133407e+02
7.205390399115812333e-03 2.589483046938915317e-02 9.306119556279467131e-02 3.344445961835669778e-01 1.201931559550126316e+00 4.319518061669230136e+00 1.552354303107779288e+01 5.578872105574622964e+01 2.004942680163261173e+02 7.205390399115815399e+02
7.344969150772085592e-03 2.639645049426826359e-02 9.486392446224323205e-02 3.409232679345406969e-01 1.225214698612080655e+00 4.403193324966345301e+00 1.582425633563741485e+01 5.686942863856043573e+01 2.043781296940211121e+02 7.344969150772088824e+02
8.072286746697751939e-03 2.901029440843146123e-02 1.042575924360154421e-01 3.746823602519273044e-01 1.346538585859946568e+00 4.839208768703615604e+00 1.739121459497025768e+01 6.250078464156230496e+01 2.246161738433574726e+02 8.072286746697753870e+02
8.410585077892416411e-03 3.022607557352115226e-02 1.086268833993110777e-01 3.903847778169572957e-01 1.402970148659917315e+00 5.042013290163998462e+00 1.812005625527594077e+01 6.512010575911891408e+01 2.340295258655244197e+02 8.410585077892419577e+02
