6.642718311509808547e-04 2.387269183270921899e-03 8.579400610018710072e-03 3.083276713953907872e-02 1.108072198389820490e-01 3.982205007055352186e-01 1.431130276642675669e+00 5.143215542882922264e+00 1.848375829390501579e+01 6.642718311509811713e+01
1.415175534585564254e-03 5.085877172875633012e-03 1.827769487631240863e-02 6.568662958934354257e-02 2.360655069474565659e-01 8.483754444207320944e-01 3.048903264195556240e+00 1.095719021048447317e+01 3.937809989534547839e+01 1.415175534585564776e+02
1.839492876496497641e-03 6.610794634024409061e-03 2.375796408436311666e-02 8.538169595056399608e-02 3.068459055459496487e-01 1.102747008033533316e+00 3.963067265190591382e+00 1.424252528821872232e+01 5.118498198788348930e+01 1.839492876496498468e+02
2.174938927009643919e-03 7.816325233827855351e-03 2.809041642607130670e-02 1.009517223739772873e-01 3.628016792522115175e-01 1.303841632147856089e+00 4.685763873050301065e+00 1.683976223233019454e+01 6.051896760576948253e+01 2.174938927009644942e+02
2.467620702843433423e-03 8.868168998965933469e-03 3.187054692141221696e-02 1.145368069990980453e-01 4.116239420019127682e-01 1.479299747115591313e+00 5.316327644046753065e+00 1.910589092843740033e+01 6.866301187777935411e+01 2.467620702843434231e+02
2.734360528055953914e-03 9.826782227495549360e-03 3.531562424040580322e-02 1.269177729409606548e-01 4.561188265748783999e-01 1.639206071263324294e+00 5.891001176697647779e+00 2.117116052230505474e+01 7.608520596366118127e+01 2.734360528055954660e+02
2.966209886096451021e-03 1.066000561836582226e-02 3.831007384751699413e-02 1.376792668545712972e-01 4.947936304445627043e-01 1.778196109855159079e+00 6.390505476521718187e+00 2.296628590014195481e+01 8.253655207477387989e+01 2.966209886096452237e+02
3.181019489031398483e-03 1.143199130450988504e-02 4.108444655464310591e-02 1.476498453979277481e-01 5.306260318497144635e-01 1.906971083631925357e+00 6.853298736836744176e+00 2.462947864257877839e+01 8.851375687808403825e+01 3.181019489031399416e+02
3.385487641866824840e-03 1.216681174598273525e-02 4.372525429765117266e-02 1.571404163482312266e-01 5.647333754082224377e-01 2.029546520948569466e+00 7.293812018312127776e+00 2.621260129263242078e+01 9.420320468932541758e+01 3.385487641866826607e+02
3.585337557814201586e-03 1.288503510462462621e-02 4.630641521760203716e-02 1.664166277308292141e-01 5.980703506233431277e-01 2.149353397986585534e+00 7.724375610029112771e+00 2.775996661168171187e+01 9.976414731582217144e+01 3.585337557814203251e+02
