1.035716920643044853e-02 3.722173621240636859e-02 1.337679841906768696e-01 4.807372093640572275e-01 1.727679951711857509e+00 6.208959817143367310e+00 2.231384462886375886e+01 8.019179971922372374e+01 2.881943855560309089e+02 1.035716920643045114e+03
7.170347912144156739e-03 2.576889430089671432e-02 9.260860443969935740e-02 3.328180680212703968e-01 1.196086120415901455e+00 4.298510642637715762e+00 1.544804628152106396e+01 5.551739980561642795e+01 1.995191900003290755e+02 7.170347912144158045e+02
5.483207226933769010e-03 1.970562505362690939e-02 7.081834457153483864e-02 2.545079343692068785e-01 9.146540920827486154e-01 3.287096373781784209e+00 1.181321186233964227e+01 4.245448220429493347e+01 1.525734982355458271e+02 5.483207226933770926e+02
4.438786802755907875e-03 1.595217266245987572e-02 5.732913608171867625e-02 2.060302325845960181e-01 7.404342650193678210e-01 2.660982778775729418e+00 9.563076269513041794e+00 3.436791416538161315e+01 1.235118795240132812e+02 4.438786802755909093e+02
3.728580914314960984e-03 1.339982503646629068e-02 4.815647430864366391e-02 1.730653953710605819e-01 6.219647826162686410e-01 2.235225534171612072e+00 8.032984066390952194e+00 2.886904789892054168e+01 1.037499788001711210e+02 3.728580914314962342e+02
3.214293891650829571e-03 1.155157330729853112e-02 4.151420199021007423e-02 1.491943063543626213e-01 5.361765367381629011e-01 1.926918563941045548e+00 6.924986264130134295e+00 2.488711025769012863e+01 8.943963689669926964e+01 3.214293891650830801e+02
2.824682510844666282e-03 1.015138260338355018e-02 3.648217750654821762e-02 1.311101480083791682e-01 4.711854413759609117e-01 1.693352677402735651e+00 6.085593989690113226e+00 2.187049083251555004e+01 7.859846878800838965e+01 2.824682510844667149e+02
2.519311428591189221e-03 9.053935835450194203e-03 3.253815831665111957e-02 1.169360779534192873e-01 4.202464747407219647e-01 1.510287523088926553e+00 5.427691936750641766e+00 1.950611344521657742e+01 7.010133702714263393e+01 2.519311428591190065e+02
2.273524947753024356e-03 8.170625022235540602e-03 2.936370384673393438e-02 1.055276801043052021e-01 3.792468186684563869e-01 1.362942398885128803e+00 4.898161016092042352e+00 1.760307798714666561e+01 6.326218219522627351e+01 2.273524947753024890e+02
2.071433841286090399e-03 7.444347242481276841e-03 2.675359683813538503e-02 9.614744187281148990e-02 3.455359903423716461e-01 1.241791963428674039e+00 4.462768925772753192e+00 1.603835994384475327e+01 5.763887711120620594e+01 2.071433841286091138e+02
