1.180499716936657395e-03 4.242496012844466056e-03 1.524674013959701792e-02 5.479394304216238937e-02 1.969192211986560137e-01 7.076909878094929107e-01 2.543309541741154867e+00 9.140180582394007658e+00 3.284810586664939080e+01 1.180499716936657961e+02
1.717536108820528519e-03 6.172504735957064052e-03 2.218283185998115928e-02 7.972096424028113359e-02 2.865022905784029295e-01 1.029635846591983928e+00 3.700319374225324420e+00 1.329825832753190262e+01 4.779146248228791904e+01 1.717536108820529250e+02
2.227578185262040975e-03 8.005500919387859710e-03 2.877027858969645469e-02 1.033950203071171275e-01 3.715824367490751512e-01 1.335398038418639244e+00 4.799171717086813338e+00 1.724732889181122886e+01 6.198368623552364198e+01 2.227578185262042041e+02
2.696579208386797565e-03 9.691003204631964268e-03 3.482765973278061783e-02 1.251641194260055545e-01 4.498165226112537107e-01 1.616556765165400034e+00 5.809603790967234893e+00 2.087863348526911977e+01 7.503391830092915882e+01 2.696579208386798427e+02
3.141029841742489555e-03 1.128827596367227432e-02 4.056796039904256995e-02 1.457936903947646134e-01 5.239553566372074922e-01 1.882997919906414852e+00 6.767143653475379494e+00 2.431985332678847911e+01 8.740102118753704019e+01 3.141029841742490589e+02
3.576462977566945665e-03 1.285314151687150415e-02 4.619179560614712632e-02 1.660047062050425404e-01 5.965899814155557479e-01 2.144033226900163847e+00 7.705255906484953066e+00 2.769125395983681415e+01 9.951720684874574374e+01 3.576462977566947075e+02
4.035851229163034924e-03 1.450409729244885558e-02 5.212502303075414178e-02 1.873276199940556164e-01 6.732205603426392182e-01 2.419429248513574660e+00 8.694977891916662927e+00 3.124813035444912401e+01 1.122999578361676356e+02 4.035851229163037033e+02
4.424276705899800842e-03 1.590002607811527233e-02 5.714173097438028648e-02 2.053567335491765511e-01 7.380138349833181843e-01 2.652284204239891086e+00 9.531815213490524741e+00 3.425556775510292340e+01 1.231081274596743356e+02 4.424276705899802664e+02
4.863073025897451593e-03 1.747697828855002133e-02 6.280900337540756828e-02 2.257238545404913199e-01 8.112094726942672418e-01 2.915335687176392465e+00 1.047717322715179478e+01 3.765300830178598090e+01 1.353178957183077955e+02 4.863073025897452908e+02
5.275307734259543704e-03 1.895847301615622912e-02 6.813321937033324505e-02 2.448580947321024048e-01 8.799743665413991556e-01 3.162463902274288419e+00 1.136530598328226382e+01 4.084479193604011016e+01 1.467885713549983109e+02 5.275307734259546351e+02
