2.968135644933765898e-03 1.066692643678855343e-02 3.833494597932932818e-02 1.377686526617263874e-01 4.951148663796668403e-01 1.779350571948041804e+00 6.394654398165464215e+00 2.298119635143530459e+01 8.259013745836540465e+01 2.968135644933766457e+02
3.184419383565180017e-03 1.144420989194088085e-02 4.112835788110501961e-02 1.478076545229623784e-01 5.311931684395369002e-01 1.909009266857672804e+00 6.860623587562772130e+00 2.465580279120331042e+01 8.860836096309890308e+01 3.184419383565181079e+02
3.340129061599909476e-03 1.200380146044871359e-02 4.313942570615832139e-02 1.550350575514767848e-01 5.571671081972350281e-01 2.002354766461726054e+00 7.196089919494489173e+00 2.586140627864593000e+01 9.294107524940069709e+01 3.340129061599910756e+02
3.206167196368155461e-03 1.152236747875007988e-02 4.140924168450991344e-02 1.488170985735802754e-01 5.348209222614938030e-01 1.922046738111941044e+00 6.907477829897821664e+00 2.482418820751422217e+01 8.921350677302250176e+01 3.206167196368156169e+02
3.575298378670172667e-03 1.284895616544342797e-02 4.617675423299708037e-02 1.659506503126935428e-01 5.963957146110226981e-01 2.143335068203609861e+00 7.702746854221770967e+00 2.768223689353019523e+01 9.948480119264557686e+01 3.575298378670173634e+02
3.911326039452946678e-03 1.405657696418087001e-02 5.051671836019434175e-02 1.815476726934370233e-01 6.524485067576052399e-01 2.344778358514397976e+00 8.426696503422444806e+00 3.028397703473413216e+01 1.088349704617732954e+02 3.911326039452947612e+02
3.676484001232821399e-03 1.321259843838965518e-02 4.748361680224819775e-02 1.706472708707830188e-01 6.132744937463904256e-01 2.203994255288634463e+00 7.920744669603214660e+00 2.846568042112758334e+01 1.023003512469443734e+02 3.676484001232822152e+02
3.503115732224725519e-03 1.258954518435820291e-02 4.524447950463203472e-02 1.626002286554754928e-01 5.843549234798055547e-01 2.100062708513223964e+00 7.547234056701393357e+00 2.712335287690498120e+01 9.747627617721586546e+01 3.503115732224726457e+02
3.865457531017467072e-03 1.389173409182710602e-02 4.992430379314858474e-02 1.794186451277510752e-01 6.447971784014263630e-01 2.317280910121706672e+00 8.327875797669028302e+00 2.992883383213068882e+01 1.075586519676496948e+02 3.865457531017468114e+02
4.147250512387620075e-03 1.490444555863940958e-02 5.356380010007024545e-02 1.924983166849326410e-01 6.918030807617023825e-01 2.486211364303531735e+00 8.934980372140396199e+00 3.211065454722417201e+01 1.153997090655246467e+02 4.147250512387621484e+02
3.438386439934790727e-03 1.235692016927823073e-02 4.440846854689488310e-02 1.595957610524692816e-01 5.735574267556634576e-01 2.061258517251116640e+00 7.407779023930744167e+00 2.662217747464750417e+01 9.567514516862016194e+01 3.438386439934791952e+02
4.320596949522434969e-03 1.552742035298635553e-02 5.580265542820016939e-02 2.005443455544477782e-01 7.207190092523324543e-01 2.590129823214755600e+00 9.308443949697071673e+00 3.345281305518070525e+01 1.202231766504104797e+02 4.320596949522436034e+02
