5.924331065072925041e-03 2.129094193056135093e-02 7.651567802532188711e-02 2.749830891826780532e-01 9.882379832199166270e-01 3.551543167186449246e+00 1.276358436182665024e+01 4.586994387865548362e+01 1.648480310690638362e+02 5.924331065072927913e+02
6.425839251077782727e-03 2.309326890193548823e-02 8.299290532168983325e-02 2.982610371439335384e-01 1.071894590668409863e+00 3.852189426102382797e+00 1.384405099509047865e+01 4.975293962856400043e+01 1.788027942515803659e+02 6.425839251077785548e+02
6.890944898400775190e-03 2.476477193239755639e-02 8.899997575165523311e-02 3.198493289345800128e-01 1.149478888683836519e+00 4.131012936406912139e+00 1.484609073621286868e+01 5.335408374188487812e+01 1.917446351713625745e+02 6.890944898400778129e+02
7.326583999716339453e-03 2.633037768719300245e-02 9.462647110537024397e-02 3.400699048160942817e-01 1.222147870576820949e+00 4.392171716468689979e+00 1.578464672842143379e+01 5.672707909092971335e+01 2.038665519447094141e+02 7.326583999716341395e+02
7.737735108996898238e-03 2.780797816161391031e-02 9.993669187998827086e-02 3.591538487937357971e-01 1.290732009202951058e+00 4.638650330983546510e+00 1.667044494110055908e+01 5.991047281102966338e+01 2.153070757932744641e+02 7.737735108996901090e+02
8.128115164606554074e-03 2.921093133954070359e-02 1.049786441804996806e-01 3.772736858635649670e-01 1.355851327250416904e+00 4.872677025960166830e+00 1.751149327520257870e+01 6.293304380604560322e+01 2.261696327349823434e+02 8.128115164606557528e+02
8.500586311614677718e-03 3.054952323703148329e-02 1.097892940319601801e-01 3.945622650315234181e-01 1.417983259291994314e+00 5.095967612289767246e+00 1.831395803535284372e+01 6.581695262579532368e+01 2.365338636565655577e+02 8.500586311614680426e+02
8.857408150995109419e-03 3.183187443894078261e-02 1.143978253031780884e-01 4.111244676840973278e-01 1.477504729487515656e+00 5.309876685168171129e+00 1.908270738427503233e+01 6.857969453999278642e+01 2.464626432973741714e+02 8.857408150995113374e+02
9.200401657830944643e-03 3.306452919040367422e-02 1.188277567917391114e-01 4.270448159974062907e-01 1.534719494788414629e+00 5.515495890477915886e+00 1.982166449385784546e+01 7.123536869737705501e+01 2.560066413707946253e+02 9.200401657830948352e+02
9.531059866432597255e-03 3.425285317852546502e-02 1.230983717772779762e-01 4.423926104852847208e-01 1.589876608328217422e+00 5.713720278773281258e+00 2.053404600901304633e+01 7.379553512038364715e+01 2.652074024434095350e+02 9.531059866432601666e+02
9.850625040555850351e-03 3.540131086776571873e-02 1.272257147131710675e-01 4.572255119235048570e-01 1.643183292190760314e+00 5.905294567610601675e+00 2.122252830587026295e+01 7.626981220611669698e+01 2.740994932421556882e+02 9.850625040555854639e+02
1.016014395575819476e-02 3.651366417442589163e-02 1.312233052256246424e-01 4.715921073294563337e-01 1.694814159063021464e+00 6.090846282450209870e+00 2.188936659400322782e+01 7.866630475755702889e+01 2.827120409187280075e+02 1.016014395575819890e+03
