2.333959744418003836e-03 8.387816420259399525e-03 3.014424926061289728e-02 1.083328148779234695e-01 3.893279503466992586e-01 1.399172107657011610e+00 5.028363838512097672e+00 1.807100266942578415e+01 6.494381631203241056e+01 2.333959744418004618e+02
3.337848452409545186e-03 1.199560537597858453e-02 4.310997050579987167e-02 1.549292010499584982e-01 5.567866796556760756e-01 2.000987577170970422e+00 7.191176495940363900e+00 2.584374834994104830e+01 9.287761594394663689e+01 3.337848452409546667e+02
3.661950837654099483e-03 1.316036895654213758e-02 4.729591377673114660e-02 1.699727011729424142e-01 6.108502159491022709e-01 2.195281852615881935e+00 7.889433917833309273e+00 2.835315541359289782e+01 1.018959573373465162e+02 3.661950837654101178e+02
3.824593094541945716e-03 1.374487492165770396e-02 4.939651930073876707e-02 1.775218860073844995e-01 6.379805795577070393e-01 2.292783324056473226e+00 8.239836038137562824e+00 2.961243534136843181e+01 1.064215747483411434e+02 3.824593094541947380e+02
3.930295675312230064e-03 1.412475030072936344e-02 5.076172062858945455e-02 1.824281651932585235e-01 6.556128327343413442e-01 2.356150356446323979e+00 8.467565344974959274e+00 3.043085203592941923e+01 1.093628118479402502e+02 3.930295675312231083e+02
3.987658229405400753e-03 1.433090063142013551e-02 5.150258650382379122e-02 1.850906990987222500e-01 6.651814834641400775e-01 2.390538304183248197e+00 8.591149221422117677e+00 3.087498945973116093e+01 1.109589589902059288e+02 3.987658229405402608e+02
4.044416972292515927e-03 1.453488097714822173e-02 5.223565385744897288e-02 1.877252065706695727e-01 6.746494124142196069e-01 2.424564276611975711e+00 8.713432226060717767e+00 3.131445179265244505e+01 1.125383047269858992e+02 4.044416972292517585e+02
4.076156845021453902e-03 1.464894816544889955e-02 5.264559007735572504e-02 1.891984409590588556e-01 6.799439422891999651e-01 2.443591830420101640e+00 8.781813708925138684e+00 3.156020210012182403e+01 1.134214855398535491e+02 4.076156845021455410e+02
4.126959055288715802e-03 1.483152184285886112e-02 5.330172585388270184e-02 1.915564706780525928e-01 6.884182617129770421e-01 2.474046955356716371e+00 8.891263753055222097e+00 3.195354516422053592e+01 1.148350872181742801e+02 4.126959055288717764e+02
4.148341259575954315e-03 1.490836550078860311e-02 5.357788764172733559e-02 1.925489446846293251e-01 6.919850283587833939e-01 2.486865250064018262e+00 8.937330315720998897e+00 3.211909980657330976e+01 1.154300597539679671e+02 4.148341259575956315e+02
