4.910805360877838754e-03 1.764851940620783613e-02 6.342549018795053117e-02 2.279393932709636028e-01 8.191717060565270048e-01 2.943950470228082317e+00 1.058000942546976297e+01 3.802258243643481705e+01 1.366460762931975523e+02 4.910805360877840826e+02
4.951834204916517358e-03 1.779596942652414762e-02 6.395539808569157547e-02 2.298437835144233055e-01 8.260157297346887306e-01 2.968546616038062247e+00 1.066840339035860019e+01 3.834025387525018402e+01 1.377877282506127017e+02 4.951834204916519866e+02
6.317540948953256214e-03 2.270406498399352505e-02 8.159417896338370946e-02 2.932342752455293078e-01 1.053829345073232115e+00 3.787266299642447542e+00 1.361072937612184575e+01 4.891442520625351875e+01 1.757893296633837110e+02 6.317540948953259203e+02
5.849628807458115073e-03 2.102247593642819767e-02 7.555086126733925878e-02 2.715157175347723828e-01 9.757768956141844585e-01 3.506760340283102906e+00 1.260264322659760694e+01 4.529155142780112442e+01 1.627693963761419980e+02 5.849628807458118445e+02
5.969867405607389051e-03 2.145459105337377270e-02 7.710380247895479155e-02 2.770966988801616404e-01 9.958339026306830544e-01 3.578841486154020313e+00 1.286168943353120575e+01 4.622251522583584915e+01 1.661151067940266444e+02 5.969867405607392357e+02
7.205250490558551095e-03 2.589432766410438083e-02 9.305938857429203737e-02 3.344381022035958773e-01 1.201908221396173371e+00 4.319434188692667043e+00 1.552324160722859503e+01 5.578763779459839611e+01 2.004903749776115660e+02 7.205250490558554475e+02
7.638324352828028234e-03 2.745071442776507442e-02 9.865275259170046274e-02 3.545396102359915091e-01 1.274149295626075373e+00 4.579055148348012416e+00 1.645627095944804807e+01 5.914077142933542319e+01 2.125409124506924172e+02 7.638324352828032033e+02
7.781349187777143565e-03 2.796471903386860830e-02 1.004999893683738571e-01 3.611782350042827550e-01 1.298007276027232315e+00 4.664796284304473240e+00 1.676440862539850585e+01 6.024816078356104754e+01 2.165206634430602151e+02 7.781349187777146881e+02
8.335696166652615396e-03 2.995693878104009958e-02 1.076596559170601153e-01 3.869087424752364335e-01 1.390477925352973099e+00 4.997118567352203833e+00 1.795871298700219398e+01 6.454026811703381838e+01 2.319456974246107848e+02 8.335696166652618331e+02
7.762860728112686362e-03 2.789827495490378173e-02 1.002612017295111541e-01 3.603200767249902792e-01 1.294923215077404155e+00 4.653712743922974404e+00 1.672457644653214359e+01 6.010501135489200664e+01 2.160062110703435962e+02 7.762860728112690367e+02
8.858238147789097849e-03 3.183485729275993548e-02 1.144085451239904849e-01 4.111629927226064241e-01 1.477643181297308317e+00 5.310374255173981872e+00 1.908449555816061860e+01 6.858612090373605952e+01 2.464857384512033320e+02 8.858238147789102186e+02
