1.069457522458805293e-01 3.843431057071108881e-01 1.381257504879314535e+00 4.963982094267981537e+00 1.783962667726181195e+01 6.411229410991677469e+01 2.304076385900803245e+02 8.280421198099854792e+02 3.039331269548428736e+03 8.687836146922427361e+03
1.158617991879624387e-01 4.163857170346884629e-01 1.496412679292343118e+00 5.377828333531329719e+00 1.932691294664059356e+01 6.945732382679923944e+01 2.496166794200543109e+02 8.970758332133267459e+02 3.487354458793065078e+03 9.241682807954293821e+03
1.383277905675806552e-01 4.971243038256775160e-01 1.786572115698074059e+00 6.420607280768098057e+00 2.307446617554790436e+01 8.292533182668141478e+01 2.980181905942610570e+02 1.240076777039289937e+03 3.843763915754585014e+03 9.669041260295571192e+03
1.453341773018045902e-01 5.223039522050310079e-01 1.877063080093590353e+00 6.745814945063563606e+00 2.424320192306694111e+01 8.712555032549222744e+01 3.131129932262523425e+02 1.260564682304531289e+03 4.090813655125495643e+03 9.963938004878280481e+03
1.528693485827071763e-01 5.493839537134470596e-01 1.974383559530385357e+00 7.095566613831535641e+00 2.550014424922374801e+01 9.164276683184891681e+01 3.293470276291608343e+02 1.349520838041279376e+03 4.318147693265508678e+03 1.022882531515434857e+04
1.594768558265600988e-01 5.731301035300938596e-01 2.059722797204201594e+00 7.402259932242368556e+00 2.660234288752618781e+01 9.560386335840706806e+01 3.435824704499545419e+02 1.459797611391131113e+03 4.529145381741400342e+03 1.047042959141245046e+04
1.763024345204122767e-01 6.335980981414799373e-01 2.277033502461464742e+00 8.183234114086941346e+00 2.940901857331785862e+01 1.056905327878733516e+02 3.798320808678510616e+02 1.569819843678456209e+03 4.692789475646345636e+03 1.062145629008214746e+04
1.828986481337453451e-01 6.573036607544504584e-01 2.362226877288133853e+00 8.489403228604656348e+00 3.050933332050658464e+01 1.096448589608059194e+02 3.940431922992763702e+02 1.677431024532752190e+03 4.813870929449747564e+03 1.079798682133873444e+04
1.880260870594586409e-01 6.757307208260027176e-01 2.428450297557026794e+00 8.727397861230880238e+00 3.136464168315087520e+01 1.127186778412433057e+02 5.168986832190003042e+02 1.759102041512187952e+03 4.961463692736788289e+03 1.092947962151860520e+04
1.933674784719187634e-01 6.949266862678306067e-01 2.497437020451789280e+00 8.975323288591180670e+00 3.225563947160292599e+01 1.159207578678019956e+02 5.418924045785314547e+02 1.839530569425600333e+03 5.070587604187210673e+03 1.105529851460881218e+04
