5.783231261183554607e-03 2.078385552738358164e-02 7.469330398085208267e-02 2.684338164410995375e-01 9.647011173532483719e-01 3.466956057031680860e+00 1.245959404957069694e+01 4.477745934080580525e+01 1.609218452094443705e+02 5.783231261183557308e+02
6.097960395272376821e-03 2.191493338986939127e-02 7.875818705788049934e-02 2.830422487850924873e-01 1.017201101117855888e+00 3.655631216034447295e+00 1.313765741401535081e+01 4.721429272487233675e+01 1.696793703215179505e+02 6.097960395272378946e+02
8.470925032102023106e-03 3.044292612543298207e-02 1.094062038757753763e-01 3.931855103937574314e-01 1.413035459663084303e+00 5.078186142377624002e+00 1.825005474582005149e+01 6.558729611071031229e+01 2.357085209346712702e+02 8.470925032102026080e+02
9.025435350059302780e-03 3.243573288282851352e-02 1.165679800298255880e-01 4.189235993932933222e-01 1.505533355589836253e+00 5.410606344632360454e+00 1.944471101080782915e+01 6.988066811937315492e+01 2.511380999232002011e+02 9.025435350059307211e+02
8.562803195071628029e-03 3.077311912291840965e-02 1.105928559818311202e-01 3.974501169466830852e-01 1.428361660963739510e+00 5.133265654026137881e+00 1.844800024737817168e+01 6.629867535889853514e+01 2.382650853969571756e+02 8.562803195071629716e+02
1.018184575790103893e-02 3.659165640749603016e-02 1.315035947785027359e-01 4.725994157544112784e-01 1.698434237844290040e+00 6.103856171038382961e+00 2.193612170937598194e+01 7.883433393003637946e+01 2.833159064547020307e+02 1.018184575790104191e+03
1.078321745107345582e-02 3.875287421544439115e-02 1.392706088671654130e-01 5.005126171132103785e-01 1.798749082288072287e+00 6.464369029682880630e+00 2.323173774674985026e+01 8.349053654819498149e+01 3.000494310452833133e+02 1.078321745107346032e+03
1.155450108025307329e-02 4.152472386065893251e-02 1.492321199961493816e-01 5.363124319206949986e-01 1.927406945904885927e+00 6.926741417904895393e+00 2.489341795330810569e+01 8.946230557939770733e+01 3.215108561867050980e+02 1.155450108025307827e+03
1.287276005955658408e-02 4.626230099291303577e-02 1.662580894273724408e-01 5.975005935021444614e-01 2.147305797059384513e+00 7.717016913838870451e+00 2.773352082876560942e+01 9.966910609982764413e+01 3.581921953607545106e+02 1.287276005955658775e+03
1.265795811557154926e-02 4.549034283160782732e-02 1.634838156393882969e-01 5.875303704557518492e-01 2.111474673244079447e+00 7.588246531481951607e+00 2.727074406915796700e+01 9.800597265785847867e+01 3.522152036722752655e+02 1.265795811557155503e+03
