1.000000000000000000e+08 1.000000000000000000e+01
2.154434690031886697e+08 1.222222222222222143e+01
4.641588833612772822e+08 1.444444444444444464e+01
1.000000000000000000e+09 1.666666666666666785e+01
2.154434690031886578e+09 1.888888888888888928e+01
4.641588833612772942e+09 2.111111111111111072e+01
1.000000000000000000e+10 2.333333333333333570e+01
2.154434690031877899e+10 2.555555555555555713e+01
4.641588833612772369e+10 2.777777777777777857e+01
1.000000000000000000e+11 3.000000000000000000e+01
