1.000000000000000000e+08 1.000000000000000021e-02
1.072267222010325342e+08 1.123324032978027624e-02
1.149756995397735685e+08 1.261856883066020396e-02
1.232846739442068487e+08 1.417474162926805545e-02
1.321941148466028720e+08 1.592282793341092198e-02
1.417474162926807702e+08 1.788649529057435156e-02
1.519911082952933013e+08 2.009233002565046985e-02
1.629750834620646834e+08 2.257019719633920202e-02
1.747528400007683039e+08 2.535364493970111363e-02
1.873817422860386968e+08 2.848035868435801893e-02
2.009233002565045953e+08 3.199267137797384697e-02
2.154434690031886697e+08 3.593813663804627800e-02
2.310129700083158016e+08 4.037017258596553582e-02
2.477076355991714001e+08 4.534878508128582092e-02
2.656087782946684062e+08 5.094138014816380206e-02
2.848035868435804844e+08 5.722367659350217212e-02
3.053855508833412528e+08 6.428073117284319182e-02
3.274549162877731919e+08 7.220809018385464240e-02
3.511191734215127230e+08 8.111308307896872294e-02
3.764935806792471409e+08 9.111627561154891919e-02
4.037017258596549630e+08 1.023531021899026366e-01
4.328761281083061695e+08 1.149756995397735598e-01
4.641588833612772822e+08 1.291549665014883885e-01
4.977023564332113862e+08 1.450828778495939497e-01
5.336699231206301451e+08 1.629750834620644351e-01
5.722367659350219965e+08 1.830738280295367837e-01
6.135907273413163424e+08 2.056512308348651397e-01
6.579332246575682163e+08 2.310129700083159154e-01
7.054802310718630552e+08 2.595024211399735714e-01
7.564633275546290874e+08 2.915053062825175845e-01
8.111308307896889448e+08 3.274549162877728459e-01
8.697490026177834272e+08 3.678379771828632627e-01
9.326033468832180500e+08 4.132012400115336326e-01
1.000000000000000000e+09 4.641588833612779741e-01
1.072267222010325313e+09 5.214008287999684077e-01
1.149756995397735596e+09 5.857020818056667411e-01
1.232846739442063332e+09 6.579332246575678722e-01
1.321941148466028690e+09 7.390722033525779500e-01
1.417474162926807642e+09 8.302175681319743372e-01
1.519911082952933073e+09 9.326033468832198858e-01
1.629750834620646715e+09 1.047615752789665233e+00
1.747528400007683039e+09 1.176811952434997810e+00
1.873817422860386848e+09 1.321941148466028615e+00
2.009233002565045834e+09 1.484968262254465099e+00
2.154434690031886578e+09 1.668100537200059241e+00
2.310129700083158016e+09 1.873817422860382997e+00
2.477076355991714001e+09 2.104904144512019570e+00
2.656087782946683884e+09 2.364489412645407018e+00
2.848035868435804844e+09 2.656087782946686904e+00
3.053855508833412170e+09 2.983647240283340274e+00
3.274549162877731800e+09 3.351602650938840799e+00
3.511191734215127468e+09 3.764935806792467421e+00
3.764935806792471409e+09 4.229242874389498752e+00
4.037017258596549511e+09 4.750810162102798273e+00
4.328761281083061218e+09 5.336699231206306848e+00
4.641588833612772942e+09 5.994842503189408589e+00
4.977023564332114220e+09 6.734150657750821445e+00
5.336699231206301689e+09 7.564633275546290392e+00
5.722367659350219727e+09 8.497534359086438727e+00
6.135907273413163185e+09 9.545484566618338107e+00
6.579332246575682640e+09 1.072267222010323096e+01
7.054802310718630791e+09 1.204503540258782301e+01
7.564633275546290398e+09 1.353047774579806095e+01
8.111308307896888733e+09 1.519911082952933157e+01
8.697490026177833557e+09 1.707352647470690599e+01
9.326033468832180023e+09 1.917910261672488659e+01
1.000000000000000000e+10 2.154434690031884614e+01
1.072267222010325432e+10 2.420128264794380968e+01
1.149756995397735596e+10 2.718588242732939975e+01
1.232846739442063332e+10 3.053855508833415655e+01
1.321941148466028786e+10 3.430469286314919231e+01
1.417474162926807594e+10 3.853528593710527161e+01
1.519911082952933121e+10 4.328761281083057355e+01
1.629750834620646858e+10 4.862601580065353346e+01
1.747528400007682800e+10 5.462277217684342645e+01
1.873817422860386658e+10 6.135907273413169349e+01
2.009233002565045929e+10 6.892612104349694846e+01
2.154434690031886673e+10 7.742636826811269657e+01
2.310129700083158112e+10 8.697490026177834466e+01
2.477076355991714096e+10 9.770099572992246806e+01
2.656087782946683884e+10 1.097498765493056823e+02
2.848035868435804749e+10 1.232846739442065882e+02
3.053855508833412552e+10 1.384886371393871798e+02
3.274549162877731705e+10 1.555676143930472222e+02
3.511191734215127563e+10 1.747528400007682876e+02
3.764935806792471313e+10 1.963040650040272510e+02
4.037017258596549988e+10 2.205130739903045480e+02
4.328761281083061218e+10 2.477076355991708851e+02
4.641588833612791443e+10 2.782559402207126027e+02
4.977023564332113647e+10 3.125715849688235153e+02
5.336699231206301880e+10 3.511191734215127553e+02
5.722367659350220490e+10 3.944206059437656222e+02
6.135907273413188171e+10 4.430621457583877714e+02
6.579332246575682068e+10 4.977023564332113779e+02
7.054802310718630981e+10 5.590810182512223037e+02
7.564633275546290588e+10 6.280291441834247053e+02
8.111308307896888733e+10 7.054802310718645231e+02
8.697490026177835083e+10 7.924828983539169940e+02
9.326033468832180786e+10 8.902150854450392217e+02
1.000000000000000000e+11 1.000000000000000000e+03
