6.546153725311333604e-02 2.352565670338949422e-01 8.454682651061767862e-01 3.038455403451779446e+00 1.091964254578602755e+01 3.924316058490800430e+01 1.410326067209218763e+02 6.227425288985372163e+02 1.948928843207893124e+03 4.868014893571408720e+03
8.017368202416000345e-02 2.881292739359543886e-01 1.035482921613134488e+00 3.721332672329628721e+00 1.337377620538083178e+01 4.806285966356263373e+01 1.727289617804360091e+02 7.627007184659120185e+02 2.386940605426006186e+03 5.962076274759449007e+03
9.257659379714447412e-02 3.327030277366693767e-01 1.195672687069206708e+00 4.297024840227321008e+00 1.544270658451686984e+01 5.549820992956217935e+01 1.994502251615586204e+02 8.806909302348298070e+02 2.756201602164706856e+03 6.884412684322902351e+03
1.035037784279002199e-01 3.719732931695953759e-01 1.336802703563289896e+00 4.804219821876731800e+00 1.726547083978166341e+01 6.204888501602743389e+01 2.229921307944420334e+02 9.846423935863027737e+02 3.081527071067059751e+03 7.697007373653908871e+03
1.133827084639551092e-01 4.074763269169394686e-01 1.464393991351011337e+00 5.262759135310673742e+00 1.891337568979216144e+01 6.797114798264504998e+01 2.442756403645166188e+02 1.078621700086195915e+03 3.375643776772506499e+03 8.431649127667677021e+03
1.224673222063445421e-01 4.401247359147260063e-01 1.581726289708737854e+00 5.684429552354274051e+00 2.042878059618564990e+01 7.341723084143852418e+01 2.638478473566607931e+02 1.165044591655749173e+03 3.646112001242800034e+03 9.107221942728509021e+03
1.309230745062266721e-01 4.705131340677898844e-01 1.690936530212353572e+00 6.076910806903558893e+00 2.183928509157205511e+01 7.848632116981600859e+01 2.820652134418437527e+02 1.245485057797074433e+03 3.897857686415781245e+03 9.736029787142813802e+03
1.388648906957167251e-01 4.990545416050041205e-01 1.793509030603809951e+00 6.445537260340981511e+00 2.316405987677530476e+01 8.324731489434327614e+01 2.991753377423379447e+02 1.321036395352245790e+03 4.134302403247061193e+03 1.032661902648434989e+04
1.463764472095962776e-01 5.260496760410251493e-01 1.890524513596224754e+00 6.794192828719728183e+00 2.441706302237641779e+01 8.775037471979470638e+01 3.153584956719750494e+02 1.392494627097256625e+03 4.357937376722876252e+03 1.088521221750706536e+04
1.535209129971356612e-01 5.517255548088688677e-01 1.982798837542292469e+00 7.125809554935441881e+00 2.560883174419660691e+01 9.203336943636706735e+01 3.307507806063958355e+02 1.460460685928997691e+03 4.570643280478369888e+03 1.141650688793124391e+04
1.603473640483200069e-01 5.762585478719087773e-01 2.070965843226268976e+00 7.442665344659257443e+00 2.674755241076166357e+01 9.612571932712526745e+01 3.454579235608720182e+02 1.525401436931824037e+03 4.773881210852014192e+03 1.192415254951889801e+04
