3.210194269578482695e-02 1.153684002947849979e-01 4.146125333506780475e-01 1.490040187540322636e+00 5.354926785600430783e+00 1.924460905076414008e+01 6.916153896121451794e+01 2.485536837285677336e+02 8.932556247727025038e+02 3.210194269578484636e+03
3.662702523107409097e-02 1.316307037399512825e-01 4.730562216768534056e-01 1.700075913210071121e+00 6.109756046399494878e+00 2.195732476206335093e+01 7.891053375049912688e+01 2.835897544106587702e+02 1.019168734316026189e+03 3.662702523107410798e+03
3.749339374630671767e-02 1.347442707478844204e-01 4.842458013331347733e-01 1.740289177471045612e+00 6.254275024966770680e+00 2.247669904191751300e+01 8.077706813406771857e+01 2.902977311822886577e+02 1.043275952894393868e+03 3.749339374630673319e+03
3.788920032672708077e-02 1.361667258448229223e-01 4.893578398966608733e-01 1.758660891510541946e+00 6.320299541909424335e+00 2.271397885305212228e+01 8.162980756146824035e+01 2.933623177881456172e+02 1.054289506112435220e+03 3.788920032672710022e+03
3.815429125638977043e-02 1.371194132499953533e-01 4.927816209107041545e-01 1.770965322500685390e+00 6.364519374127143081e+00 2.287289669028730543e+01 8.220092865634633483e+01 2.954148205826055005e+02 1.061665818700162390e+03 3.815429125638978803e+03
3.813848867850636731e-02 1.370626217296746496e-01 4.925775227689873637e-01 1.770231831810226364e+00 6.361883345261498235e+00 2.286342329373177051e+01 8.216688303436239948e+01 2.952924669611269337e+02 1.061226102583476859e+03 3.813848867850638271e+03
3.839740310813626045e-02 1.379931119446347609e-01 4.959215312175474510e-01 1.782249575064539959e+00 6.405072875176945679e+00 2.301863841647520204e+01 8.272469726330687934e+01 2.972971473589722109e+02 1.068430550388814481e+03 3.839740310813628184e+03
3.835690979577300458e-02 1.378475865253709631e-01 4.953985399773663811e-01 1.780370041999526975e+00 6.398318183566329864e+00 2.299436331347018481e+01 8.263745706643717881e+01 2.969836223474288772e+02 1.067303799918385494e+03 3.835690979577302187e+03
3.848958647037995645e-02 1.383244017714415908e-01 4.971121251238053151e-01 1.786528347712892151e+00 6.420449986784907637e+00 2.307390089028174174e+01 8.292330029676845982e+01 2.980108896542994898e+02 1.070995607202196879e+03 3.848958647037997252e+03
3.860610073034578121e-02 1.387431323109348524e-01 4.986169646580885795e-01 1.791936460593032576e+00 6.439885736748953704e+00 2.314374935406882372e+01 8.317432266032223254e+01 2.989130172543596018e+02 1.074237685697788038e+03 3.860610073034580182e+03
