1.075737295290451817e-03 3.865999390479069389e-03 1.389368143376397240e-02 4.993130217720977149e-02 1.794437960160145118e-01 6.448875660073206673e-01 2.317605746334822303e+00 8.329043198490170496e+00 2.993302925315303042e+01 1.075737295290452238e+02
2.459610689819548366e-03 8.839382504713442709e-03 3.176709362503458284e-02 1.141650151290104775e-01 4.102877912991005349e-01 1.474497870462922577e+00 5.299070594120487421e+00 1.904387230661543384e+01 6.844012850726522856e+01 2.459610689819549236e+02
3.859531818921472547e-03 1.387043818672875281e-02 4.984777027842302727e-02 1.791435979367913822e-01 6.438087100483643743e-01 2.313728539048233834e+00 8.315109237966277433e+00 2.988295319543116335e+01 1.073937655085748872e+02 3.859531818921474269e+02
4.180963629062113378e-03 1.502560421799364540e-02 5.399922174554573628e-02 1.940631409439587673e-01 6.974267675652434662e-01 2.506421846779055329e+00 9.007613080213015877e+00 3.237168296593468853e+01 1.163377965633278137e+02 4.180963629062114819e+02
4.610307771167083436e-03 1.656858706236497003e-02 5.954441457466350118e-02 2.139915307016736767e-01 7.690456869741436607e-01 2.763806897937682194e+00 9.932606993925944039e+00 3.569593873197231204e+01 1.282845523572951834e+02 4.610307771167085775e+02
5.489884037479097513e-03 1.972962026659534976e-02 7.090457889576670669e-02 2.548178444619203509e-01 9.157678512084931333e-01 3.291099016546072065e+00 1.182759661459726885e+01 4.250617832350883418e+01 1.527592844551424207e+02 5.489884037479099561e+02
5.301759847899599129e-03 1.905353698359237707e-02 6.847486155544074693e-02 2.460858930850738091e-01 8.843868450387044611e-01 3.178321527789148337e+00 1.142229533453306267e+01 4.104960104525659403e+01 1.475246171301721745e+02 5.301759847899601255e+02
5.827197951088865756e-03 2.094186361831755147e-02 7.526115561704226076e-02 2.704745694102536069e-01 9.720352032582441071e-01 3.493313395168571311e+00 1.255431741150857050e+01 4.511787745321965559e+01 1.621452444732438494e+02 5.827197951088867285e+02
5.683818502742664543e-03 2.042658459774220406e-02 7.340933883222672263e-02 2.638194849461207303e-01 9.481180697772695343e-01 3.407359674065606026e+00 1.224541575415388195e+01 4.400774245624648273e+01 1.581556261524539195e+02 5.683818502742667533e+02
6.016387880610992757e-03 2.162177697208840857e-02 7.770463751802718366e-02 2.792559880532725636e-01 1.003593985565114366e+00 3.606729778236037021e+00 1.296191475867573040e+01 4.658270636879949933e+01 1.674095666451908357e+02 6.016387880610996035e+02
