2.511708128391821893e-01 9.026610991303700704e-01 3.243995791839611176e+00 1.165831640203793818e+01 4.189781678260161613e+01 1.505729464368959043e+02 5.411311123042398776e+02 1.944724385308765477e+03 6.988977068256710481e+03 2.511708128391822902e+04
2.996409685793307576e-01 1.076853807116054718e+00 3.870011925933690922e+00 1.390810173850739950e+01 4.998312606543287728e+01 1.796300414136211430e+02 6.455568972620641262e+02 2.320011198143716229e+03 8.337687944068649813e+03 2.996409685793308745e+04
3.430043802947842502e-01 1.232693828648237400e+00 4.430071924683653961e+00 1.592085301456542545e+01 5.721657910317042450e+01 2.056257237771313271e+02 7.389805357399720833e+02 2.655758346627963874e+03 9.544300633874781852e+03 3.430043802947843506e+04
3.885368154222393344e-01 1.396328916155584077e+00 5.018145938045418752e+00 1.803428143911336434e+01 6.481184705278391789e+01 2.329217015147094969e+02 8.370771935001877182e+02 3.008299455660192052e+03 1.081126768856764284e+04 3.885368154222395242e+04
4.308802433215822569e-01 1.548503305912568795e+00 5.565032339235199466e+00 1.999968926025814397e+01 7.187515653536250682e+01 2.583059196448811576e+02 9.283033434613959116e+02 3.336149239887070507e+03 1.198949872279759984e+04 4.308802433215823839e+04
4.697249998664438930e-01 1.688104122750657465e+00 6.066731662266207081e+00 2.180270314248851449e+01 7.835485246135145587e+01 2.815927394009992781e+02 1.011991834487489086e+03 3.636910082439833786e+03 1.307037714830111327e+04 4.697249998664441227e+04
5.147123751067068653e-01 1.849780366587820968e+00 6.647765956480810701e+00 2.389083212817604362e+01 8.585919894190180912e+01 3.085619623207252289e+02 1.108914196318593213e+03 3.985230990716670476e+03 1.432217758785525075e+04 5.147123751067071862e+04
5.529259146988524387e-01 1.987112707316412763e+00 7.141312799073494588e+00 2.566454751481326824e+01 9.223360153409917928e+01 3.314703774551556421e+02 1.191242771644818276e+03 4.281104549645625411e+03 1.538549202669263468e+04 5.529259146988526481e+04
5.944714694779599240e-01 2.136419689751912987e+00 7.677894272651631269e+00 2.759292134630279847e+01 9.916381775862954839e+01 3.563762832159933396e+02 1.280749956077547267e+03 4.602776692068646298e+03 1.654152176739779679e+04 5.944714694779601268e+04
6.343782357868665844e-01 2.279837171791120998e+00 8.193309979232587636e+00 2.944522935515296069e+01 1.058206675904100251e+02 3.802997610993414241e+02 1.366726477780451660e+03 4.911760290530937709e+03 1.765195124544310602e+04 6.343782357868669351e+04
