5.422576193099713782e-02 1.948772841578348125e-01 7.003526465715604887e-01 2.516936910730613874e+00 9.045402260717903431e+00 3.250749023917713032e+01 1.168258625975505822e+02 4.198503812888374114e+02 1.508864037029409701e+03 5.422576193099715965e+03
1.185446404918401447e-01 4.260273487703835071e-01 1.531062907165456455e+00 5.502354795915668007e+00 1.977443784866268572e+01 7.106564493457904064e+01 2.553966857929787864e+02 9.178480990932204122e+02 3.298575039818325877e+03 1.185446404918401822e+04
1.555200673159878588e-01 5.589101429160140411e-01 2.008618908450558571e+00 7.218602078565973024e+00 2.594231078351892350e+01 9.323183096447604612e+01 3.350578280216580538e+02 1.204135400508930616e+03 4.327438255419860980e+03 1.555200673159879079e+04
1.848241567260540397e-01 6.642235798432626348e-01 2.387095777061929880e+00 8.578777420415510946e+00 3.083052751222793120e+01 1.107991710357487563e+02 3.981915748065006255e+02 1.431026322351478484e+03 5.142841950530838403e+03 1.848241567260540978e+04
2.104104585223887103e-01 7.561759808451592457e-01 2.717555572202186465e+00 9.766388347528648595e+00 3.509857988937081075e+01 1.261377559865585880e+02 4.533155909861491750e+02 1.629131764901685756e+03 5.854795996841838132e+03 2.104104585223887625e+04
2.337155414435034828e-01 8.399301062831615594e-01 3.018552292601284659e+00 1.084811447405930984e+01 3.898610202339116171e+01 1.401087861501437999e+02 5.035248700854684216e+02 1.809574558178598636e+03 6.503273772855482093e+03 2.337155414435035345e+04
2.540092037555859439e-01 9.128617471889608481e-01 3.280655020212237094e+00 1.179006283786801745e+01 4.237128892384531298e+01 1.522745170875282952e+02 5.472462401584116378e+02 1.966701015346999839e+03 7.067956981572496261e+03 2.540092037555860588e+04
2.728213523658336581e-01 9.804691039099924232e-01 3.523623262569993031e+00 1.266324542712391654e+01 4.550934444410947322e+01 1.635521038940311200e+02 5.877757857183643182e+02 2.112356649968149668e+03 7.591416191484119736e+03 2.728213523658337363e+04
2.907157688006835605e-01 1.044778302199366404e+00 3.754738538090665045e+00 1.349383066220408089e+01 4.849431301089494895e+01 1.742795247153720481e+02 6.263281372434817058e+02 2.250906617650914995e+03 8.089338958462131814e+03 2.907157688006836906e+04
3.081749178954733548e-01 1.107523230774624112e+00 3.980232119738870811e+00 1.430421257703164883e+01 5.140667460930242783e+01 1.847460096216686907e+02 6.639427337117355137e+02 2.386086468397022145e+03 8.575150153144564683e+03 3.081749178954734452e+04
