1.309230745062266721e-01 4.705131340677898844e-01 1.690936530212353572e+00 6.076910806903558893e+00 2.183928509157205511e+01 7.848632116981600859e+01 2.820652134418437527e+02 1.245485057797074433e+03 3.897857686415781245e+03 9.736029787142813802e+03
9.666290246326432467e-02 3.473884596554941973e-01 1.248449392957951432e+00 4.486694486980891128e+00 1.612434395262884834e+01 5.794788761684282008e+01 2.082539103060251193e+02 6.512414505435849605e+02 2.419034938559246712e+03 7.099810519832394675e+03
7.317927353461863016e-02 2.629926731360094361e-01 9.451466621966903014e-01 3.396680988901811471e+00 1.220703854950076561e+01 4.386982193378548800e+01 1.576599654943145481e+02 4.385525076459892944e+02 1.724349898557854658e+03 5.640175858920344581e+03
5.798122242856454389e-02 2.083737094078710883e-01 7.488562840476583604e-01 2.691249945836441171e+00 9.671850828060483352e+00 3.475882966016371967e+01 1.249167569705541894e+02 3.302237607493482301e+02 1.330520815950432279e+03 4.663969328696623961e+03
4.771801013875416608e-02 1.714896368462228982e-01 6.163018000988463863e-01 2.214873830222628293e+00 7.959843834657386097e+00 2.860619553474261423e+01 1.028053363822251498e+02 2.647197659954325673e+02 1.080071428221936003e+03 3.961121985652473995e+03
4.042732854976779922e-02 1.452882857332747912e-01 5.221390264589913510e-01 1.876470367693974017e+00 6.743684847143109451e+00 2.423554674805502529e+01 8.709803905293613013e+01 2.208709073279490553e+02 9.077655033208419582e+02 3.432513188860834816e+03
3.501793040941307555e-02 1.258479167835085955e-01 4.522739628979187132e-01 1.625388347645611686e+00 5.841342852757636095e+00 2.099269775920780745e+01 7.544384404716194581e+01 1.894724111869570322e+02 7.823330012803520503e+02 3.022210899169171171e+03
3.085983063734347789e-02 1.109044810071819348e-01 3.985700392207692788e-01 1.432386452934750753e+00 5.147730006405560665e+00 1.849998243459730674e+01 6.648548965360153318e+01 1.658847407315892610e+02 6.870896166236976796e+02 2.695677847688855309e+03
2.757069626611929197e-02 9.908394496178699051e-02 3.560892352673340477e-01 1.279718359237489222e+00 4.599069325249335094e+00 1.652819818186572220e+01 5.939926446405994653e+01 1.475174023507989602e+02 6.123774302177796471e+02 2.430384712536892948e+03
2.490730609612527152e-02 8.951221697681951972e-02 3.216902284487369590e-01 1.156094738511506126e+00 4.154789067915295675e+00 1.493153772250001943e+01 5.366116428873490918e+01 1.328108239617992297e+02 5.522388244930067458e+02 2.211047786422954687e+03
