3.550291088480250212e-01 1.275908462426415868e+00 4.585377266031984256e+00 1.647899147236489625e+01 5.922242471910499972e+01 2.128343591591595896e+02 7.648870280732909350e+02 2.748861452756694689e+03 9.878895848822867265e+03 3.550291088480252074e+04
1.775145544240125106e-01 6.379542312132079340e-01 2.292688633015992128e+00 8.239495736182448127e+00 2.961121235955249986e+01 1.064171795795797948e+02 3.824435140366454675e+02 1.374430726378347345e+03 4.939447924411433632e+03 1.775145544240126037e+04
1.183430362826747434e-01 4.253028208088043827e-01 1.528459088677324829e+00 5.492997157454953872e+00 1.974080823970162513e+01 7.094478638638638301e+01 2.549623426910964383e+02 9.162871509188963728e+02 3.292965282940949237e+03 1.183430362826748024e+04
8.875727721200625531e-02 3.189771156066039670e-01 1.146344316507996064e+00 4.119747868091224063e+00 1.480560617977624993e+01 5.320858978978989740e+01 1.912217570183227338e+02 6.872153631891736723e+02 2.469723962205716816e+03 8.875727721200630185e+03
7.100582176960483494e-02 2.551816924852825519e-01 9.170754532063946085e-01 3.295798294472971346e+00 1.184448494382097294e+01 4.256687183183181844e+01 1.529774056146578118e+02 5.497722905513376190e+02 1.975779169764568906e+03 7.100582176960486322e+03
5.917151814133737170e-02 2.126514104044021913e-01 7.642295443386624143e-01 2.746498578727476936e+00 9.870404119850812563e+00 3.547239319319319151e+01 1.274811713455482192e+02 4.581435754594481864e+02 1.646482641470474618e+03 5.917151814133740118e+03
5.071844412114635825e-02 1.822726374894877432e-01 6.550538951474254024e-01 2.354141638909267531e+00 8.460346388443561239e+00 3.040490845130847219e+01 1.092695754390414038e+02 3.926944932509558726e+02 1.411270835546122044e+03 5.071844412114638544e+03
4.437863860600312765e-02 1.594885578033019835e-01 5.731721582539980320e-01 2.059873934045612032e+00 7.402803089888124966e+00 2.660429489489494870e+01 9.561087850916136688e+01 3.436076815945868361e+02 1.234861981102858408e+03 4.437863860600315093e+03
3.944767876089168984e-02 1.417676069362684976e-01 5.094863628924429788e-01 1.830999052484989287e+00 6.580269413233892806e+00 2.364826212879552259e+01 8.498744756369903541e+01 3.054290503062995867e+02 1.097655094313652626e+03 3.944767876089170386e+03
3.550291088480241747e-02 1.275908462426412759e-01 4.585377266031973043e-01 1.647899147236485673e+00 5.922242471910486472e+00 2.128343591591590922e+01 7.648870280732890592e+01 2.748861452756688095e+02 9.878895848822844528e+02 3.550291088480243161e+03
