1.000000000000000000e+08 1.000000000000000021e-08
2.154434690031886697e+08 2.000000000000000042e-08
4.641588833612772822e+08 3.000000000000000394e-08
1.000000000000000000e+09 4.000000000000000084e-08
2.154434690031886578e+09 5.000000000000001097e-08
4.641588833612772942e+09 6.000000000000000787e-08
1.000000000000000000e+10 7.000000000000000477e-08
2.154434690031877899e+10 8.000000000000001491e-08
4.641588833612772369e+10 9.000000000000001181e-08
1.000000000000000000e+11 1.000000000000000087e-07
