7.440192902099534815e-03 2.673866691290758060e-02 9.609378650352749796e-02 3.453431629431027439e-01 1.241098977686432736e+00 4.460278464143438093e+00 1.602940968881223682e+01 5.760671156237545887e+01 2.070277871397173612e+02 7.440192902099538514e+02
7.519846297902905638e-03 2.702492637511417356e-02 9.712254967019889884e-02 3.490403460683053627e-01 1.254385964919373819e+00 4.508029420411978627e+00 1.620101772790986061e+01 5.822343887810320240e+01 2.092441901938212823e+02 7.519846297902909100e+02
8.237102392773306553e-03 2.960261112930657329e-02 1.063862683607963711e-01 3.823324248762169919e-01 1.374031492635707341e+00 4.938013152732051658e+00 1.774629914033545219e+01 6.377689233250158907e+01 2.292022670995412454e+02 8.237102392773309703e+02
8.092349299028252230e-03 2.908239548312760783e-02 1.045167102634334683e-01 3.756135814406375562e-01 1.349885221291957871e+00 4.851235952846951527e+00 1.743443805368167077e+01 6.265612169807627652e+01 2.251744262795525913e+02 8.092349299028256837e+02
7.804097588583497336e-03 2.804647254751618801e-02 1.007937962627845629e-01 3.622341222359359292e-01 1.301801937987784541e+00 4.678433592307825073e+00 1.681341856923846478e+01 6.042429338939538042e+01 2.171536512085491779e+02 7.804097588583500738e+02
7.557210576453541988e-03 2.715920662990765552e-02 9.760512788465487699e-02 3.507746422492717397e-01 1.260618702231614874e+00 4.530428716927615618e+00 1.628151662578736492e+01 5.851273691721659986e+01 2.102838734396988798e+02 7.557210576453545627e+02
7.704090400245128950e-03 2.768706534758707746e-02 9.950215375680955543e-02 3.575921997492121363e-01 1.285119733528674590e+00 4.618480857980292953e+00 1.659795961342972959e+01 5.964997405002088726e+01 2.143708917865569390e+02 7.704090400245132741e+02
8.109569645488369852e-03 2.914428219953143009e-02 1.047391195904535249e-01 3.764128791190398116e-01 1.352757748210047239e+00 4.861559279334827011e+00 1.747153816546971683e+01 6.278945258674883689e+01 2.256535926490712143e+02 8.109569645488375045e+02
7.185971267507156382e-03 2.582504172887474178e-02 9.281038783355427535e-02 3.335432399392350145e-01 1.198692253163290200e+00 4.307876598114970257e+00 1.548170578028980771e+01 5.563836577220835267e+01 1.999539191439224908e+02 7.185971267507159155e+02
8.379884343164487048e-03 3.011574285356707903e-02 1.082303681627753977e-01 3.889597759419886058e-01 1.397848957450707585e+00 5.023608683221385540e+00 1.805391352736862487e+01 6.488240111980428537e+01 2.331752596848057806e+02 8.379884343164492293e+02
