1.775145544240121775e-01 6.379542312132067128e-01 2.292688633015987687e+00 8.239495736182432140e+00 2.961121235955244657e+01 1.064171795795795958e+02 3.824435140366447285e+02 1.374430726378344843e+03 4.939447924411424538e+03 1.775145544240122399e+04
2.174100401281719441e-01 7.813311728609386719e-01 2.807958644984123175e+00 1.009128014574229582e+01 3.626618047304908288e+01 1.303338949180478039e+02 4.683957324133576776e+02 1.683326983214893744e+03 6.049563512928720229e+03 2.174100401281720406e+04
2.510434903850547461e-01 9.022035259550177377e-01 3.242351359109839404e+00 1.165240661722447690e+01 4.187657811718886336e+01 1.504966186309345630e+02 5.408568043922477955e+02 1.943738573786558618e+03 6.985434245338266919e+03 2.510434903850548653e+04
2.806751549048986383e-01 1.008694206787707826e+00 3.625059022954217003e+00 1.302778664879115311e+01 4.681943766755722436e+01 1.682603348213155243e+02 6.046962903571865127e+02 2.173165790737617954e+03 7.809952912465654663e+03 2.806751549048988090e+04
3.074642273453398467e-01 1.104969141364817720e+00 3.971053198319328903e+00 1.427122524381511148e+01 5.128812428045636551e+01 1.843199618300131704e+02 6.624115973366501748e+02 2.380583849571092287e+03 8.555374766421227832e+03 3.074642273453400048e+04
3.320993219102454375e-01 1.193503080821294526e+00 4.289227679648465852e+00 1.541468504228971703e+01 5.539750572822569552e+01 1.990883130267918091e+02 7.154862996594986271e+02 2.571324439981307478e+03 9.240860906479623736e+03 3.320993219102456351e+04
3.550291088480250212e-01 1.275908462426415868e+00 4.585377266031984256e+00 1.647899147236489625e+01 5.922242471910499972e+01 2.128343591591595896e+02 7.648870280732909350e+02 2.748861452756694689e+03 9.878895848822867265e+03 3.550291088480252074e+04
3.765652355775832572e-01 1.353305288932530548e+00 4.863527038664773983e+00 1.747860992583676776e+01 6.281486717578347623e+01 2.257449279464024983e+02 8.112852065883740806e+02 2.915607860679846453e+03 1.047815136800743130e+04 3.765652355775834440e+04
3.969346106876782687e-01 1.426509027526352114e+00 5.126607634664830826e+00 1.842407256642363933e+01 6.621268373214138592e+01 2.379560475137431013e+02 8.551696949398348124e+02 3.073320534546400268e+03 1.104494133030421835e+04 3.969346106876784324e+04
4.163085318342115149e-01 1.496135290064236845e+00 5.376831448333128094e+00 1.932333032699407127e+01 6.944444855936175998e+01 2.495704081080108381e+02 8.969095427398683569e+02 3.223325769895285703e+03 1.158403219474327125e+04 4.163085318342116807e+04
4.348200802563453871e-01 1.562662345721882673e+00 5.615917289968265003e+00 2.018256029148465913e+01 7.253236094609840734e+01 2.606677898360965173e+02 9.367914648267185385e+02 3.366653966429798857e+03 1.209912702585748048e+04 4.348200802563456091e+04
