1.000000000000000000e+00 1.000000000000000000e+03
1.097498765493056139e+00 1.047615752789665066e+03
1.204503540258782257e+00 1.097498765493055544e+03
1.321941148466029059e+00 1.149756995397735636e+03
1.450828778495939719e+00 1.204503540258782323e+03
1.592282793341092351e+00 1.261856883066021055e+03
1.747528400007683835e+00 1.321941148466028608e+03
1.917910261672488792e+00 1.384886371393873105e+03
2.104904144512020459e+00 1.450828778495940242e+03
2.310129700083159765e+00 1.519911082952933157e+03
2.535364493970111877e+00 1.592282793341092201e+03
2.782559402207124943e+00 1.668100537200059080e+03
3.053855508833415389e+00 1.747528400007682876e+03
3.351602650938842576e+00 1.830738280295367758e+03
3.678379771828634404e+00 1.917910261672488787e+03
4.037017258596554470e+00 2.009233002565047855e+03
4.430621457583881373e+00 2.104904144512019684e+03
4.862601580065354590e+00 2.205130739903045651e+03
5.336699231206309513e+00 2.310129700083160515e+03
5.857020818056667189e+00 2.420128264794383540e+03
6.428073117284322180e+00 2.535364493970111653e+03
7.054802310718643277e+00 2.656087782946686730e+03
7.742636826811271966e+00 2.782559402207125913e+03
8.497534359086444056e+00 2.915053062825175857e+03
9.326033468832198636e+00 3.053855508833415570e+03
1.023531021899026250e+01 3.199267137797384294e+03
1.123324032978027631e+01 3.351602650938840725e+03
1.232846739442066486e+01 3.511191734215130964e+03
1.353047774579807516e+01 3.678379771828634148e+03
1.484968262254465010e+01 3.853528593710527275e+03
1.629750834620644184e+01 4.037017258596553802e+03
1.788649529057435217e+01 4.229242874389498866e+03
1.963040650040271373e+01 4.430621457583882147e+03
2.154434690031884614e+01 4.641588833612781855e+03
2.364489412645408350e+01 4.862601580065353119e+03
2.595024211399737268e+01 5.094138014816380746e+03
2.848035868435801987e+01 5.336699231206313016e+03
3.125715849688236858e+01 5.590810182512223037e+03
3.430469286314919231e+01 5.857020818056666940e+03
3.764935806792469464e+01 6.135907273413175972e+03
4.132012400115338835e+01 6.428073117284318869e+03
4.534878508128584684e+01 6.734150657750821665e+03
4.977023564332111505e+01 7.054802310718645458e+03
5.462277217684342645e+01 7.390722033525775259e+03
5.994842503189411786e+01 7.742636826811270112e+03
6.579332246575683030e+01 8.111308307896872066e+03
7.220809018385467937e+01 8.497534359086446784e+03
7.924828983539177329e+01 8.902150854450392217e+03
8.697490026177834466e+01 9.326033468832200015e+03
9.545484566618341660e+01 9.770099572992256071e+03
1.047615752789665180e+02 1.023531021899026928e+04
1.149756995397736858e+02 1.072267222010323167e+04
1.261856883066021027e+02 1.123324032978026480e+04
1.384886371393873219e+02 1.176811952434999148e+04
1.519911082952934578e+02 1.232846739442065882e+04
1.668100537200059250e+02 1.291549665014882703e+04
1.830738280295369691e+02 1.353047774579807628e+04
2.009233002565048025e+02 1.417474162926804820e+04
2.205130739903045480e+02 1.484968262254463480e+04
2.420128264794383313e+02 1.555676143930472244e+04
2.656087782946686957e+02 1.629750834620643400e+04
2.915053062825178927e+02 1.707352647470692318e+04
3.199267137797384635e+02 1.788649529057435211e+04
3.511191734215134375e+02 1.873817422860386796e+04
3.853528593710531140e+02 1.963040650040272521e+04
4.229242874389498752e+02 2.056512308348651641e+04
4.641588833612781855e+02 2.154434690031886566e+04
5.094138014816380178e+02 2.257019719633921341e+04
5.590810182512228721e+02 2.364489412645407356e+04
6.135907273413175744e+02 2.477076355991714081e+04
6.734150657750827804e+02 2.595024211399737396e+04
7.390722033525782990e+02 2.718588242732940125e+04
8.111308307896872520e+02 2.848035868435804878e+04
8.902150854450392217e+02 2.983647240283340216e+04
9.770099572992256753e+02 3.125715849688235176e+04
1.072267222010324303e+03 3.274549162877731578e+04
1.176811952434999057e+03 3.430469286314919009e+04
1.291549665014884113e+03 3.593813663804625685e+04
1.417474162926806230e+03 3.764935806792470976e+04
1.555676143930472335e+03 3.944206059437656222e+04
1.707352647470692091e+03 4.132012400115334458e+04
1.873817422860385022e+03 4.328761281083061476e+04
2.056512308348653733e+03 4.534878508128582325e+04
2.257019719633921341e+03 4.750810162102793402e+04
2.477076355991711353e+03 4.977023564332113892e+04
2.718588242732942945e+03 5.214008287999684399e+04
2.983647240283340125e+03 5.462277217684336938e+04
3.274549162877731760e+03 5.722367659350220492e+04
3.593813663804629414e+03 5.994842503189409035e+04
3.944206059437659860e+03 6.280291441834259604e+04
4.328761281083061476e+03 6.579332246575682075e+04
4.750810162102798131e+03 6.892612104349695437e+04
5.214008287999689855e+03 7.220809018385471427e+04
5.722367659350220492e+03 7.564633275546290679e+04
6.280291441834259786e+03 7.924828983539185720e+04
6.892612104349702349e+03 8.302175681319752766e+04
7.564633275546290861e+03 8.697490026177834079e+04
8.302175681319751675e+03 9.111627561154906289e+04
9.111627561154895375e+03 9.545484566618347890e+04
1.000000000000000000e+04 1.000000000000000000e+05
