5.548911266691958622e-10 7.883627540292619753e-14
5.603717905418927519e-10 7.770999478132524404e-14
5.659065869732876898e-10 7.660034169275493252e-14
5.714960506310765864e-10 7.550707374999620380e-14
5.771407214638648765e-10 7.442995212379013631e-14
5.828411447533419362e-10 7.336874149098751978e-14
5.885978711669457084e-10 7.232320998345483927e-14
5.944114568110633402e-10 7.129312913772105642e-14
6.002824632847416753e-10 7.027827384537317745e-14
6.062114577339527828e-10 6.927842230419963604e-14
6.121990129063715124e-10 6.829335597001681713e-14
6.182457072067056053e-10 6.732285950924727055e-14
6.243521247525735025e-10 6.636672075216153966e-14
6.305188554309195098e-10 6.542473064684715558e-14
6.367464949550140903e-10 6.449668321382196056e-14
6.430356449219890325e-10 6.358237550134766196e-14
6.493869128709560902e-10 6.268160754137399550e-14
6.558009123416978254e-10 6.179418230617188581e-14
6.622782629339257935e-10 6.091990566556725204e-14
6.688195903671509452e-10 6.005858634484508017e-14
6.754255265411176490e-10 5.921003588324622648e-14
6.820967095968516885e-10 5.837406859309841471e-14
6.888337839782943165e-10 5.755050151954900150e-14
6.956374004945727225e-10 5.673915440089277657e-14
7.025082163828583139e-10 5.593984962948448539e-14
7.094468953718585153e-10 5.515241221324245496e-14
7.164541077459377415e-10 5.437666973771017756e-14
7.235305304098549302e-10 5.361245232869958180e-14
7.306768469541714020e-10 5.285959261547039446e-14
7.378937477212747615e-10 5.211792569447818272e-14
7.451819298720696116e-10 5.138728909363983243e-14
7.525420974533272183e-10 5.066752273715370277e-14
7.599749614656847209e-10 4.995846891083091866e-14
7.674812399323473411e-10 4.925997222794869345e-14
7.750616579684379649e-10 4.857187959561219550e-14
7.827169478510500348e-10 4.789404018162461160e-14
7.904478490899740771e-10 4.722630538184970574e-14
7.982551084991536991e-10 4.656852878805816409e-14
8.061394802688165654e-10 4.592056615627049967e-14
8.141017260383327771e-10 4.528227537556211577e-14
8.221426149697939308e-10 4.465351643734171756e-14
8.302629238223009689e-10 4.403415140509571327e-14
8.384634370270206874e-10 4.342404438458516908e-14
8.467449467629491725e-10 4.282306149449408086e-14
8.551082530334401727e-10 4.223107083751646075e-14
8.635541637434905483e-10 4.164794247189078995e-14
8.720834947777700795e-10 4.107354838335658157e-14
8.806970700794582928e-10 4.050776245754093566e-14
8.893957217298243025e-10 3.995046045276487569e-14
8.981802900286138769e-10 3.940151997326029008e-14
9.070516235752086780e-10 3.886082044280301387e-14
9.160105793506239514e-10 3.832824307873897115e-14
9.250580228002793204e-10 3.780367086641552083e-14
9.341948279176053431e-10 3.728698853400203252e-14
9.434218773284760081e-10 3.677808252769701070e-14
9.527400623764566250e-10 3.627684098731941932e-14
9.621502832089310068e-10 3.578315372227323857e-14
9.716534488640414608e-10 3.529691218788717874e-14
9.812504773585072459e-10 3.481800946212001520e-14
9.909422957763095012e-10 3.434634022262728494e-14
1.000729840358232927e-09 3.388180072418840404e-14
1.010614056592331838e-09 3.342428877648185594e-14
1.020595899305248840e-09 3.297370372221407329e-14
1.030676332754460972e-09 3.252994641558704409e-14
1.040856330721411148e-09 3.209291920111030300e-14
1.051136876605601190e-09 3.166252589274531063e-14
1.061518963519573880e-09 3.123867175338131867e-14
1.072003594384851016e-09 3.082126347463736891e-14
1.082591782028823562e-09 3.041020915699048315e-14
1.093284549282571754e-09 3.000541829021951738e-14
1.104082929079700564e-09 2.960680173416443408e-14
1.114987964556102857e-09 2.921427169979894796e-14
1.126000709150737696e-09 2.882774173060856182e-14
1.137122226707374594e-09 2.844712668427492663e-14
1.148353591577390142e-09 2.807234271465668381e-14
1.159695888723532856e-09 2.770330725407233726e-14
1.171150213824736471e-09 2.733993899587253939e-14
1.182717673381969074e-09 2.698215787730284532e-14
1.194399384825102153e-09 2.662988506265792583e-14
1.206196476620885789e-09 2.628304292671254433e-14
1.218110088381939423e-09 2.594155503843765973e-14
1.230141370976844630e-09 2.560534614499385176e-14
1.242291486641326467e-09 2.527434215599772683e-14
1.254561609090505605e-09 2.494847012806046839e-14
1.266952923632310991e-09 2.462765824959547710e-14
1.279466627281962065e-09 2.431183582589222634e-14
1.292103928877611703e-09 2.400093326445328497e-14
1.304866049197100908e-09 2.369488206059139265e-14
1.317754221075918274e-09 2.339361478328558145e-14
1.330769689526272847e-09 2.309706506129219729e-14
1.343913711857368458e-09 2.280516756950980203e-14
1.357187557796866924e-09 2.251785801559400575e-14
1.370592509613523778e-09 2.223507312682168617e-14
1.384129862241088760e-09 2.195675063720067655e-14
1.397800923403377178e-09 2.168282927482284539e-14
1.411607013740601685e-09 2.141324874946124670e-14
1.425549466936954556e-09 2.114794974040421871e-14
1.439629629849419759e-09 2.088687388452921434e-14
1.453848862637915150e-09 2.062996376461075608e-14
1.468208538896662193e-09 2.037716289786322849e-14
1.482710045786889508e-09 2.012841572471459859e-14
1.497354784170809255e-09 1.988366759781083087e-14
1.512144168746978823e-09 1.964286477124711867e-14
1.527079628186937629e-09 1.940595439002632322e-14
1.542162605273224685e-09 1.917288447974153134e-14
1.557394557038759769e-09 1.894360393648080994e-14
1.572776954907568359e-09 1.871806251695385763e-14
1.588311284836961775e-09 1.849621082883642296e-14
1.603999047461056326e-09 1.827800032133310782e-14
1.619841758235742707e-09 1.806338327595551081e-14
1.635840947585088286e-09 1.785231279751426563e-14
1.651998161049149728e-09 1.764474280532342501e-14
1.668314959433315282e-09 1.744062802461454908e-14
1.684792918959052870e-09 1.723992397816036569e-14
1.701433631416188656e-09 1.704258697810387229e-14
1.718238704316648492e-09 1.684857411799357016e-14
1.735209761049786510e-09 1.665784326501981414e-14
1.752348441039178454e-09 1.647035305245318006e-14
1.769656399900999672e-09 1.628606287228048929e-14
1.787135309603966279e-09 1.610493286803725949e-14
1.804786858630820046e-09 1.592692392783402910e-14
1.822612752141481295e-09 1.575199767757328005e-14
1.840614712137741181e-09 1.558011647435517905e-14
1.858794477629622603e-09 1.541124340006857816e-14
1.877153804803341293e-09 1.524534225516443779e-14
1.895694467191000058e-09 1.508237755260730835e-14
1.914418255841884445e-09 1.492231451200273095e-14
1.933326979495486591e-09 1.476511905389493423e-14
1.952422464756242163e-09 1.461075779423139112e-14
1.971706556269946474e-09 1.445919803898949907e-14
1.991181116902000745e-09 1.431040777895882051e-14
2.010848027917333806e-09 1.416435568467528638e-14
2.030709189162142369e-09 1.402101110149924674e-14
2.050766519247426270e-09 1.388034404483155957e-14
2.071021955734296369e-09 1.374232519546011760e-14
2.091477455321194061e-09 1.360692589502785345e-14
2.112134994032878052e-09 1.347411814161457746e-14
2.132996567411318213e-09 1.334387458542152663e-14
2.154064190708476633e-09 1.321616852454853551e-14
2.175339899080948186e-09 1.309097390085216452e-14
2.196825747786610721e-09 1.296826529587090053e-14
2.218523812383131458e-09 1.284801792680459786e-14
2.240436188928485491e-09 1.273020764253139968e-14
2.262564994183400384e-09 1.261481091964630574e-14
2.284912365815893951e-09 1.250180485850164593e-14
2.307480462607737297e-09 1.239116717923025424e-14
2.330271464663006071e-09 1.228287621772852276e-14
2.353287573618689751e-09 1.217691092157526601e-14
2.376531012857334140e-09 1.207325084586049278e-14
2.400004027721880432e-09 1.197187614889414155e-14
2.423708885732529638e-09 1.187276758776490096e-14
2.447647876805806069e-09 1.177590651371360208e-14
2.471823313475728056e-09 1.168127486728540469e-14
2.496237531117259219e-09 1.158885517321881165e-14
2.520892888171870275e-09 1.149863053502911325e-14
2.545791766375375186e-09 1.141058462923803381e-14
2.570936570988022200e-09 1.132470169919793365e-14
2.596329731026801323e-09 1.124096654845521702e-14
2.621973699500152680e-09 1.115936453359193212e-14
2.647870953644890068e-09 1.107988155648107236e-14
2.674023995165513409e-09 1.100250405588473755e-14
2.700435350475888173e-09 1.092721899831944966e-14
2.727107570943255390e-09 1.085401386810722522e-14
2.754043233134763731e-09 1.078287665652442283e-14
2.781244939066322661e-09 1.071379584995469792e-14
2.808715316453973942e-09 1.064676041694519944e-14
2.836457018967741364e-09 1.058175979405830068e-14
2.864472726487933493e-09 1.051878387040454543e-14
2.892765145364090901e-09 1.045782297073358489e-14
2.921337008676378964e-09 1.039886783695456036e-14
2.950191076499627223e-09 1.034190960794750396e-14
2.979330136169909841e-09 1.028693979752108340e-14
3.008757002553877267e-09 1.023395027036315973e-14
3.038474518320625688e-09 1.018293321582441664e-14
3.068485554216317268e-09 1.013388111936663965e-14
3.098793009341506925e-09 1.008678673150108610e-14
3.129399811431150828e-09 1.004164303403617513e-14
3.160308917137502991e-09 9.998443203447450971e-15
3.191523312315682010e-09 9.957180571179224494e-15
3.223046012312132933e-09 9.917848580683413359e-15
3.254880062255861419e-09 9.880440740999607402e-15
3.287028537352673881e-09 9.844950576680970941e-15
3.319494543182196532e-09 9.811371573873036101e-15
3.352281215997887595e-09 9.779697122357966445e-15
3.385391723030018668e-09 9.749920453385908933e-15
3.418829262791578109e-09 9.722034573127131299e-15
3.452597065387331359e-09 9.696032191596241406e-15
3.486698392825801204e-09 9.671905646921660245e-15
3.521136539334391331e-09 9.649646824861386001e-15
3.555914831677631249e-09 9.629247073500580289e-15
3.591036629478483427e-09 9.610697113108219528e-15
3.626505325542976533e-09 9.593986941179796785e-15
3.662324346187895098e-09 9.579105732751774370e-15
3.698497151571796522e-09 9.566041736141922719e-15
3.735027236029204446e-09 9.554782164348321048e-15
3.771918128408256019e-09 9.545313082430091468e-15
3.809173392411534641e-09 9.537619291294636596e-15
3.846796626940339640e-09 9.531684208430470839e-15
3.884791466442362273e-09 9.527489746251267279e-15
3.923161581262714710e-09 9.525016188856864231e-15
3.961910677998582070e-09 9.524242068168747708e-15
4.001042499857221223e-09 9.525144040562219650e-15
4.040560827017595059e-09 9.527696765293084285e-15
4.080469476995469325e-09 9.531872786202283483e-15
4.120772305012295481e-09 9.537642418375757152e-15
4.161473204367556947e-09 9.544973641636451226e-15
4.202576106814887304e-09 9.553832002947470415e-15
4.244084982941898397e-09 9.564180530007064093e-15
4.286003842553672018e-09 9.575979658511940036e-15
4.328336735060218748e-09 9.589187175751570307e-15
4.371087749867585501e-09 9.603758183365569359e-15
4.414261016772913669e-09 9.619645082243782443e-15
4.457860706363398260e-09 9.636797582666534024e-15
4.501891030419105005e-09 9.655162742863371016e-15
4.546356242319934946e-09 9.674685039204653415e-15
4.591260637456437899e-09 9.695306471222964756e-15
4.636608553644767604e-09 9.716966704582524952e-15
4.682404371545741357e-09 9.739603254966068867e-15
4.728652515087939575e-09 9.763151715621045521e-15
4.775357451895172892e-09 9.787546030994384594e-15
4.822523693717991676e-09 9.812718818478234505e-15
4.870155796869558100e-09 9.838601739783560086e-15
4.918258362665714497e-09 9.865125922847259501e-15
4.966836037869593771e-09 9.892222434460579275e-15
5.015893515140426915e-09 9.919822802976338100e-15
5.065435533486871074e-09 9.947859589514759004e-15
5.115466878724833334e-09 9.976267005042034889e-15
5.165992383939694289e-09 1.000498156955208087e-14
5.217016929953320147e-09 1.003394280834890721e-14
5.268545445795472138e-09 1.006309397912238758e-14
5.320582909179995367e-09 1.009238282215487257e-14
5.373134346985586938e-09 1.012176232461783258e-14
5.426204835741531301e-09 1.015119148855195560e-14
5.479799502118005765e-09 1.018063609081102278e-14
5.533923523421349935e-09 1.021006942203823669e-14
5.588582128094221287e-09 1.023947299068534911e-14
5.643780596220573224e-09 1.026883717723650936e-14
5.699524260035860900e-09 1.029816182321691694e-14
5.755818504442043869e-09 1.032745673930558052e-14
5.812668767527799977e-09 1.035674211697987832e-14
5.870080541093875208e-09 1.038604882863540339e-14
5.928059371183500847e-09 1.041541860207006035e-14
5.986610858618289886e-09 1.044490405660392840e-14
6.045740659539190806e-09 1.047456858990913544e-14
6.105454485952898280e-09 1.050448610681403016e-14
6.165758106283666181e-09 1.053474058386427495e-14
6.226657345930441853e-09 1.056542546619851501e-14
6.288158087829759209e-09 1.059664289624053074e-14
6.350266273023934880e-09 1.062850277673034760e-14
6.412987901235032303e-09 1.066112167362128538e-14
6.476329031444335653e-09 1.069462156727612082e-14
6.540295782477814216e-09 1.072912846313631330e-14
6.604894333597099928e-09 1.076477087557032733e-14
6.670130925096465273e-09 1.080167820091764832e-14
6.736011858905536859e-09 1.083997899784657072e-14
6.802543499198227731e-09 1.087979919508426371e-14
6.869732273007421080e-09 1.092126024842565555e-14
6.937584670845847870e-09 1.096447727077426533e-14
7.006107247333116214e-09 1.100955716091004206e-14
7.075306621828772548e-09 1.105659675881185678e-14
7.145189479071914906e-09 1.110568105775968635e-14
7.215762569826831374e-09 1.115688150614459190e-14
7.287032711535160867e-09 1.121025443491372176e-14
7.359006788974494332e-09 1.126583964979304089e-14
7.431691754923333662e-09 1.132365923070497504e-14
7.505094630832916210e-09 1.138371658388174563e-14
7.579222507505377983e-09 1.144599579471879493e-14
7.654082545778759285e-09 1.151046133098170766e-14
7.729681977218785784e-09 1.157705814605204853e-14
7.806028104817315833e-09 1.164571222990339141e-14
7.883128303698013217e-09 1.171633165085671922e-14
7.960990021828655537e-09 1.178880812332944691e-14
8.039620780740693664e-09 1.186301912534105395e-14
8.119028176255699948e-09 1.193883057422243309e-14
8.199219879219333848e-09 1.201610004982458311e-14
8.280203636242224448e-09 1.209468053188777752e-14
8.361987270448327372e-09 1.217442459286204760e-14
8.444578682230693241e-09 1.225518896049883585e-14
8.527985850014507048e-09 1.233683933747238596e-14
8.612216831028028757e-09 1.241925533993346494e-14
8.697279762080783319e-09 1.250233539519539649e-14
8.783182860349665150e-09 1.258600142263670007e-14
8.869934424172573260e-09 1.267020311308670948e-14
8.957542833850268559e-09 1.275492162173846001e-14
9.046016552455766777e-09 1.284017249871794887e-14
9.135364126651918819e-09 1.292600769985338468e-14
9.225594187517067710e-09 1.301251654721752913e-14
9.316715451378672947e-09 1.309982554328604322e-14
9.408736720655535867e-09 1.318809698214985779e-14
9.501666884707977541e-09 1.327752634389968980e-14
9.595514920696602794e-09 1.336833850175328762e-14
9.690289894449534558e-09 1.346078281356468698e-14
9.786000961338030870e-09 1.355512720828583320e-14
9.882657367161144615e-09 1.365165141253543348e-14
9.980268449038709661e-09 1.375063949208919854e-14
1.007884363631338959e-08 1.385237190788511081e-14
1.017839245146149455e-08 1.395711730658189052e-14
1.027892451101290203e-08 1.406512428269002287e-14
1.038044952648007501e-08 1.417661336372403564e-14
1.048297730529615425e-08 1.429176948236179118e-14
1.058651775176231167e-08 1.441073521029934473e-14
1.069108086800466273e-08 1.453360503652208899e-14
1.079667675494030910e-08 1.466042097608256163e-14
1.090331561325325464e-08 1.479116979093973069e-14
1.101100774437973799e-08 1.492578208753886101e-14
1.111976355150329443e-08 1.506413352135166096e-14
1.122959354055986804e-08 1.520604828117550428e-14
1.134050832125252735e-08 1.535130494118324786e-14
1.145251860807654728e-08 1.549964465444079416e-14
1.156563522135426009e-08 1.565078151970053223e-14
1.167986908828049912e-08 1.580441479095470934e-14
1.179523124397799031e-08 1.596024242999060106e-14
1.191173283256352016e-08 1.611797534570867409e-14
1.202938510822440211e-08 1.627735154448406035e-14
1.214819943630557055e-08 1.643814935890720914e-14
1.226818729440765643e-08 1.660019894989264276e-14
1.238936027349554003e-08 1.676339140246345895e-14
1.251173007901822442e-08 1.692768495746359809e-14
1.263530853203952189e-08 1.709310822150070859e-14
1.276010757037993215e-08 1.725976053924625538e-14
1.288613924976989417e-08 1.742781004492119307e-14
1.301341574501444494e-08 1.759749017474190392e-14
1.314194935116926022e-08 1.776909556234949438e-14
1.327175248472829558e-08 1.794297821016094878e-14
1.340283768482342003e-08 1.811954460892508013e-14
1.353521761443549281e-08 1.829925407351413094e-14
1.366890506161781310e-08 1.848261801718527105e-14
1.380391294073138360e-08 1.867019927365848570e-14
1.394025429369236179e-08 1.886260999502434962e-14
1.407794229123212228e-08 1.906050621166628413e-14
1.421699023416933990e-08 1.926457693571730028e-14
1.435741155469506602e-08 1.947552578912666030e-14
1.449921981767020106e-08 1.969404356235067630e-14
1.464242872193582303e-08 1.992077083075680191e-14
1.478705210163656565e-08 2.015625070276176966e-14
1.493310392755707921e-08 2.040087285764090594e-14
1.508059830847155090e-08 2.065481117421530571e-14
1.522954949250655268e-08 2.091795841651980985e-14
1.537997186851763366e-08 2.118986264874278317e-14
1.553187996747905459e-08 2.146967137229886670e-14
1.568528846388771195e-08 2.175609090239751900e-14
1.584021217718061778e-08 2.204737025300785712e-14
1.599666607316638535e-08 2.234132059715577918e-14
1.615466526547115412e-08 2.263538265257566412e-14
1.631422501699834516e-08 2.292675402012093920e-14
1.647536074140327598e-08 2.321258498518151423e-14
1.663808800458207246e-08 2.349024291534258093e-14
1.680242252617525154e-08 2.375763135873367158e-14
1.696838018108634877e-08 2.401353163996945692e-14
1.713597700101550780e-08 2.425791661223211365e-14
1.730522917600809821e-08 2.449217521860656044e-14
1.747615305601857981e-08 2.471918945085231387e-14
1.764876515249018603e-08 2.494322488598298830e-14
1.782308213994965537e-08 2.516962813282195491e-14
1.799912085761825821e-08 2.540435928249628272e-14
1.817689831103838141e-08 2.565341377336951422e-14
1.835643167371617989e-08 2.592219941154084252e-14
1.853773828878080171e-08 2.621493140499579766e-14
1.872083567065946188e-08 2.653409779228243709e-14
1.890574150676962562e-08 2.688003795036391654e-14
1.909247365922751020e-08 2.725067420797478653e-14
1.928105016657351418e-08 2.764144310117067430e-14
1.947148924551483885e-08 2.804548589733057953e-14
1.966380929268531498e-08 2.845416950326947972e-14
1.985802888642247130e-08 2.885800304402138195e-14
2.005416678856209292e-08 2.924796888014676092e-14
2.025224194625092149e-08 2.961717804019689430e-14
2.045227349377664671e-08 2.996259409719836608e-14
2.065428075441659210e-08 3.028640632893134402e-14
2.085828324230423487e-08 3.059658059400136341e-14
2.106430066431416853e-08 3.090626047115489605e-14
2.127235292196611054e-08 3.123200348193976679e-14
2.148246011334706490e-08 3.159116559424683046e-14
2.169464253505316505e-08 3.199892876431176827e-14
2.190892068415001248e-08 3.246545850499921338e-14
2.212531526015304645e-08 3.299357559247006390e-14
2.234384716702680635e-08 3.357725720538180685e-14
2.256453751520458587e-08 3.420130034361016016e-14
2.278740762362757881e-08 3.484252515011115471e-14
2.301247902180419476e-08 3.547284714700769859e-14
2.323977345189014052e-08 3.606430535830615248e-14
2.346931287078837349e-08 3.659565463627969067e-14
2.370111945227049577e-08 3.705941935901714155e-14
2.393521558911861588e-08 3.746752260164687158e-14
2.417162389528842278e-08 3.785329642682675874e-14
2.441036720809381948e-08 3.826854250198258846e-14
2.465146859041313287e-08 3.877621708538028317e-14
2.489495133291690961e-08 3.944089760140481892e-14
2.514083895631768197e-08 4.031917179604690721e-14
2.538915521364243151e-08 4.145074915119715190e-14
2.563992409252677448e-08 4.284991754041596396e-14
2.589316981753253001e-08 4.449731887216525717e-14
2.614891685248770819e-08 4.633432819831777621e-14
2.640718990284956985e-08 4.826561028532632624e-14
2.666801391809158194e-08 5.017678065699889810e-14
2.693141409411313035e-08 5.196989313125759290e-14
2.719741587567385615e-08 5.360952544764585612e-14
2.746604495885149050e-08 5.516250425195945213e-14
2.773732729352399530e-08 5.681414975328720754e-14
2.801128908587648628e-08 5.885896461386917636e-14
2.828795680093287217e-08 6.168577662981514001e-14
2.856735716511231600e-08 6.578830541660164593e-14
2.884951716881084254e-08 7.182933164150809587e-14
2.913446406900905836e-08 8.079066992679133016e-14
2.942222539190473679e-08 9.427929543140293455e-14
2.971282893557230286e-08 1.151767195583534629e-13
3.000630277264797079e-08 1.491605035810934303e-13
3.030267525304140081e-08 2.087782745615726757e-13
3.060197500667479198e-08 3.264942788135561693e-13
3.090423094624803777e-08 6.089452108154011515e-13
3.120947227003218120e-08 1.580608287689020148e-12
3.151772846468982276e-08 6.692381419136082528e-12
3.182902930812340106e-08 7.261771728510440067e-12
3.214340487235194833e-08 1.780473814986706835e-12
3.246088552641616857e-08 6.633239392498243462e-13
3.278150193931201706e-08 3.521840950399894882e-13
3.310528508295316501e-08 2.254807068260096664e-13
3.343226623516336183e-08 1.624530774417618288e-13
3.376247698269741118e-08 1.272579390364099861e-13
3.409594922429290500e-08 1.062633492094436080e-13
3.443271517375155066e-08 9.336782947856887076e-14
3.477280736305077963e-08 8.548012741933070333e-14
3.511625864548690140e-08 8.083060232902980680e-14
3.546310219884820142e-08 7.823919283966462986e-14
3.581337152862044467e-08 7.678282690537088798e-14
3.616710047122333557e-08 7.569983645745441814e-14
3.652432319727900639e-08 7.445975393041321554e-14
3.688507421491308333e-08 7.287526432688013719e-14
3.724938837308835007e-08 7.110599336609528343e-14
3.761730086497108837e-08 6.951000114951287527e-14
3.798884723133049256e-08 6.843965945132842874e-14
3.836406336397252791e-08 6.809935673506934842e-14
3.874298550920647910e-08 6.849440841589391443e-14
3.912565027134695505e-08 6.944155903427337670e-14
3.951209461624963599e-08 7.062895980883612785e-14
3.990235587488201370e-08 7.173287364365856742e-14
4.029647174693015703e-08 7.255877128721638838e-14
4.069448030443987495e-08 7.312384162927422224e-14
4.109641999549521516e-08 7.362313672729690939e-14
4.150232964793188967e-08 7.430426683041091422e-14
4.191224847308878371e-08 7.533082208051257938e-14
4.232621606959513928e-08 7.670487166433773869e-14
4.274427242719641768e-08 7.827590331492538515e-14
4.316645793061708742e-08 7.982718816075973034e-14
4.359281336346159474e-08 8.119648359149182523e-14
4.402337991215471455e-08 8.236124886855907256e-14
4.445819916991948183e-08 8.343552146270225003e-14
4.489731314079578730e-08 8.458587255078540485e-14
4.534076424369775123e-08 8.592626818303919017e-14
4.578859531651115266e-08 8.745267438743080188e-14
4.624084962023224418e-08 8.904147716010774969e-14
4.669757084314612572e-08 9.050687861517262033e-14
4.715880310504777446e-08 9.169837016167235345e-14
4.762459096150334180e-08 9.259271327210557583e-14
4.809497940815503958e-08 9.331299859506452502e-14
4.857001388506696824e-08 9.404709485813054782e-14
4.904974028111540780e-08 9.491604603968687872e-14
4.953420493842140739e-08 9.588119676660688982e-14
5.002345465682718234e-08 9.676478226310565361e-14
5.051753669841777456e-08 9.739821741819693150e-14
5.101649879208577268e-08 9.779648643706404149e-14
5.152038913814271820e-08 9.818818379067450414e-14
5.202925641297498757e-08 9.884712787506132302e-14
5.254314977374579773e-08 9.986461176552545270e-14
5.306211886314402362e-08 1.010598553800292050e-13
5.358621381417997958e-08 1.021365110795314144e-13
5.411548525502811183e-08 1.029907971602344116e-13
5.464998431391738292e-08 1.038626814965223717e-13
5.518976262407111494e-08 1.051305343431449842e-13
5.573487232869392247e-08 1.069487790983073160e-13
5.628536608600957996e-08 1.090959416764739515e-13
5.684129707434755390e-08 1.112214444683393707e-13
5.740271899727981424e-08 1.132992272227374903e-13
5.796968608880895750e-08 1.157558335123114298e-13
5.854225311860743648e-08 1.190412005923617896e-13
5.912047539730807503e-08 1.231189413204155512e-13
5.970440878184735709e-08 1.275504614862404408e-13
6.029410968086090742e-08 1.323504189631155076e-13
6.088963506013286482e-08 1.387736403284262455e-13
6.149104244809910154e-08 1.489158808690214872e-13
6.209838994140418291e-08 1.638951298619792998e-13
6.271173621051376795e-08 1.803713283275166262e-13
6.333114050538192152e-08 1.886827124652234878e-13
6.395666266117495271e-08 1.834648681042720281e-13
6.458836310405179268e-08 1.722583007027179438e-13
6.522630285700104425e-08 1.631877564146322686e-13
6.587054354573553713e-08 1.578702461583073003e-13
6.652114740464576518e-08 1.544850343589647850e-13
6.717817728281199389e-08 1.514323779749093567e-13
6.784169665007523673e-08 1.488006961246981670e-13
6.851176960316872808e-08 1.474918346909428157e-13
6.918846087190936353e-08 1.477991138291177149e-13
6.987183582545090735e-08 1.490306804820078979e-13
7.056196047859903343e-08 1.502823081698450147e-13
7.125890149818804075e-08 1.513216398585269101e-13
7.196272620952117574e-08 1.524903366723277264e-13
7.267350260287393951e-08 1.539612041346869986e-13
7.339129934006228570e-08 1.555121120607911452e-13
7.411618576107574878e-08 1.570372585023242150e-13
7.484823189077546288e-08 1.588893238792199055e-13
7.558750844565836844e-08 1.614310246343655057e-13
7.633408684068875793e-08 1.643881503260048209e-13
7.708803919619737238e-08 1.669975648602793023e-13
7.784943834484786362e-08 1.689437880055172398e-13
7.861835783867281902e-08 1.706802654221738523e-13
7.939487195617848854e-08 1.726254941931413804e-13
8.017905570952049057e-08 1.746086768397743780e-13
8.097098485175039049e-08 1.763015291542682625e-13
8.177073588413323158e-08 1.777930603733111413e-13
8.257838606353712984e-08 1.792635945313011086e-13
8.339401340989754009e-08 1.807238345622668481e-13
8.421769671375275225e-08 1.824678078526261869e-13
8.504951554385629550e-08 1.848107992501941260e-13
8.588955025486288883e-08 1.871213790910728931e-13
8.673788199509043919e-08 1.885541956189826225e-13
8.759459271435941081e-08 1.897124920165564734e-13
8.845976517190960543e-08 1.917121697621748187e-13
8.933348294439430043e-08 1.944121372635585691e-13
9.021583043395419334e-08 1.974496465127087554e-13
9.110689287637019987e-08 2.010323390146721230e-13
9.200675634929768613e-08 2.043179042200861397e-13
9.291550778058202936e-08 2.066585745468427635e-13
9.383323495665565253e-08 2.096938696330128804e-13
9.476002653101759182e-08 2.137308506522554905e-13
9.569597203279901137e-08 2.163264854355764969e-13
9.664116187541013915e-08 2.183820270105494248e-13
9.759568736527578391e-08 2.226936169572629564e-13
9.855964071065495986e-08 2.266154463210228909e-13
9.953311503054800722e-08 2.276044205156304327e-13
1.005162043636923071e-07 2.297018079087913198e-13
1.015090036776469614e-07 2.344150830263972879e-13
1.025116088779661992e-07 2.383307600377442249e-13
1.035241168174643158e-07 2.409693261052344636e-13
1.045466253055712048e-07 2.431917886926636501e-13
1.055792331177811954e-07 2.446054588233617706e-13
1.066220400051953953e-07 2.467218304176929071e-13
1.076751467041572858e-07 2.498707356666894234e-13
1.087386549459835155e-07 2.524702581295280577e-13
1.098126674667917460e-07 2.551397785585785871e-13
1.108972880174254822e-07 2.589338328364834713e-13
1.119926213734758886e-07 2.632829911993829534e-13
1.130987733454036738e-07 2.670159759134991169e-13
1.142158507887597741e-07 2.710716958169207801e-13
1.153439616145082629e-07 2.768715902739803434e-13
1.164832147994510371e-07 2.812284045481928108e-13
1.176337203967545171e-07 2.847452747830896781e-13
1.187955895465812736e-07 2.909020883611806396e-13
1.199689344868256543e-07 2.948216712653179626e-13
1.211538685639565464e-07 2.974087755384349955e-13
1.223505062439672366e-07 3.024439475921328534e-13
1.235589631234324994e-07 3.055710634384913722e-13
1.247793559406749004e-07 3.100615468168413652e-13
1.260118025870422193e-07 3.165834008956489871e-13
1.272564221182965754e-07 3.222614992177970199e-13
1.285133347661144088e-07 3.295762965350143573e-13
1.297826619497017108e-07 3.347213528675983319e-13
1.310645262875222540e-07 3.411312029683760160e-13
1.323590516091434005e-07 3.472530065428439273e-13
1.336663629671985371e-07 3.472486767883363652e-13
1.349865866494666383e-07 3.512240680577878267e-13
1.363198501910723465e-07 3.560464122534035770e-13
1.376662823868050869e-07 3.580114514506638949e-13
1.390260133035613992e-07 3.631809973976360192e-13
1.403991742929101156e-07 3.667984473620139192e-13
1.417858980037805699e-07 3.712732664703653677e-13
1.431863183952759034e-07 3.782311933451759476e-13
1.446005707496144050e-07 3.815210069863964794e-13
1.460287916851984351e-07 3.847916073332380340e-13
1.474711191698110666e-07 3.889646234880956793e-13
1.489276925339444663e-07 3.946779650402733026e-13
1.503986524842585865e-07 4.001746867078973991e-13
1.518841411171740850e-07 4.045969884069896985e-13
1.533843019325996851e-07 4.099326070252600255e-13
1.548992798477937905e-07 4.211220614524489666e-13
1.564292212113627105e-07 4.273371454184470161e-13
1.579742738174003400e-07 4.352051373142099944e-13
1.595345869197627026e-07 4.388545536704084800e-13
1.611103112464881572e-07 4.435720811429025643e-13
1.627015990143572064e-07 4.478782669976099622e-13
1.643086039435958497e-07 4.564293032176369650e-13
1.659314812727260039e-07 4.801495746330916658e-13
1.675703877735622742e-07 5.049811009691285860e-13
1.692254817663553414e-07 5.952690112397435680e-13
1.708969231350865980e-07 6.262847796296424074e-13
1.725848733429119407e-07 5.870185363141098902e-13
1.742894954477601998e-07 5.192048578945262630e-13
1.760109541180852260e-07 5.122979043990891212e-13
1.777494156487724540e-07 5.005669995990529167e-13
1.795050479772021417e-07 5.114225393673658940e-13
1.812780206994746828e-07 5.212542108522338375e-13
1.830685050867911125e-07 5.292387684271458844e-13
1.848766741020003729e-07 5.351289025159522623e-13
1.867027024163068785e-07 5.391261348409183011e-13
1.885467664261431218e-07 5.441173831848629072e-13
1.904090442702103877e-07 5.516956246816007548e-13
1.922897158466881603e-07 5.569441925557235032e-13
1.941889628306111361e-07 5.635455097393098395e-13
1.961069686914201439e-07 5.746130052839129534e-13
1.980439187106842440e-07 5.954900474912903973e-13
2.000000000000000174e-07 5.996594880052553866e-13
