1.000000000000000000e+00 1.000000000000000000e+00
1.123324032978027409e+00 1.171717171717171713e+00
1.261856883066020396e+00 1.343434343434343425e+00
1.417474162926805281e+00 1.515151515151515138e+00
1.592282793341092351e+00 1.686868686868686851e+00
1.788649529057434906e+00 1.858585858585858563e+00
2.009233002565047332e+00 2.030303030303030276e+00
2.257019719633920118e+00 2.202020202020201989e+00
2.535364493970111877e+00 2.373737373737373701e+00
2.848035868435801365e+00 2.545454545454545414e+00
3.199267137797383587e+00 2.717171717171717127e+00
3.593813663804627634e+00 2.888888888888888840e+00
4.037017258596554470e+00 3.060606060606060552e+00
4.534878508128581842e+00 3.232323232323232265e+00
5.094138014816379290e+00 3.404040404040403978e+00
5.722367659350217295e+00 3.575757575757575690e+00
6.428073117284320404e+00 3.747474747474747403e+00
7.220809018385463851e+00 3.919191919191919116e+00
8.111308307896869962e+00 4.090909090909090828e+00
9.111627561154891808e+00 4.262626262626262985e+00
1.023531021899026250e+01 4.434343434343434254e+00
1.149756995397735615e+01 4.606060606060605522e+00
1.291549665014884063e+01 4.777777777777777679e+00
1.450828778495939453e+01 4.949494949494949836e+00
1.629750834620644184e+01 5.121212121212121104e+00
1.830738280295367915e+01 5.292929292929292373e+00
2.056512308348651530e+01 5.464646464646464530e+00
2.310129700083159321e+01 5.636363636363636687e+00
2.595024211399735847e+01 5.808080808080807955e+00
2.915053062825175800e+01 5.979797979797979224e+00
3.274549162877728037e+01 6.151515151515151381e+00
3.678379771828632272e+01 6.323232323232323537e+00
4.132012400115336703e+01 6.494949494949494806e+00
4.641588833612780007e+01 6.666666666666666075e+00
5.214008287999684654e+01 6.838383838383838231e+00
5.857020818056667366e+01 7.010101010101010388e+00
6.579332246575678766e+01 7.181818181818181657e+00
7.390722033525779011e+01 7.353535353535352925e+00
8.302175681319744172e+01 7.525252525252525082e+00
9.326033468832198992e+01 7.696969696969697239e+00
1.047615752789665180e+02 7.868686868686868507e+00
1.176811952434997863e+02 8.040404040404039776e+00
1.321941148466028721e+02 8.212121212121211045e+00
1.484968262254465117e+02 8.383838383838384090e+00
1.668100537200059250e+02 8.555555555555555358e+00
1.873817422860383033e+02 8.727272727272726627e+00
2.104904144512019855e+02 8.898989898989899672e+00
2.364489412645407072e+02 9.070707070707070940e+00
2.656087782946686957e+02 9.242424242424242209e+00
2.983647240283340238e+02 9.414141414141413478e+00
3.351602650938841066e+02 9.585858585858584746e+00
3.764935806792467474e+02 9.757575757575757791e+00
4.229242874389498752e+02 9.929292929292929060e+00
4.750810162102798131e+02 1.010101010101010033e+01
5.336699231206307559e+02 1.027272727272727337e+01
5.994842503189408944e+02 1.044444444444444464e+01
6.734150657750820983e+02 1.061616161616161591e+01
7.564633275546290179e+02 1.078787878787878718e+01
8.497534359086438371e+02 1.095959595959595845e+01
9.545484566618337112e+02 1.113131313131313149e+01
1.072267222010323167e+03 1.130303030303030276e+01
1.204503540258782323e+03 1.147474747474747403e+01
1.353047774579806173e+03 1.164646464646464707e+01
1.519911082952933157e+03 1.181818181818181834e+01
1.707352647470690499e+03 1.198989898989898961e+01
1.917910261672488787e+03 1.216161616161616088e+01
2.154434690031884656e+03 1.233333333333333215e+01
2.420128264794380812e+03 1.250505050505050519e+01
2.718588242732940216e+03 1.267676767676767646e+01
3.053855508833415570e+03 1.284848484848484773e+01
3.430469286314919373e+03 1.302020202020202078e+01
3.853528593710527275e+03 1.319191919191919204e+01
4.328761281083056929e+03 1.336363636363636331e+01
4.862601580065353119e+03 1.353535353535353458e+01
5.462277217684342759e+03 1.370707070707070585e+01
6.135907273413169605e+03 1.387878787878787890e+01
6.892612104349695073e+03 1.405050505050505016e+01
7.742636826811270112e+03 1.422222222222222143e+01
8.697490026177834807e+03 1.439393939393939448e+01
9.770099572992246976e+03 1.456565656565656575e+01
1.097498765493056817e+04 1.473737373737373701e+01
1.232846739442065882e+04 1.490909090909090828e+01
1.384886371393871741e+04 1.508080808080807955e+01
1.555676143930472244e+04 1.525252525252525260e+01
1.747528400007683013e+04 1.542424242424242387e+01
1.963040650040272521e+04 1.559595959595959513e+01
2.205130739903045469e+04 1.576767676767676818e+01
2.477076355991708988e+04 1.593939393939393945e+01
2.782559402207125822e+04 1.611111111111111072e+01
3.125715849688235176e+04 1.628282828282828376e+01
3.511191734215127508e+04 1.645454545454545325e+01
3.944206059437656222e+04 1.662626262626262630e+01
4.430621457583877782e+04 1.679797979797979934e+01
4.977023564332113892e+04 1.696969696969696884e+01
5.590810182512222673e+04 1.714141414141414188e+01
6.280291441834246507e+04 1.731313131313131137e+01
7.054802310718645458e+04 1.748484848484848442e+01
7.924828983539169712e+04 1.765656565656565746e+01
8.902150854450392944e+04 1.782828282828282696e+01
1.000000000000000000e+05 1.800000000000000000e+01
