1.000000000000000000e+01 1.000000000000000021e-03
1.232846739442065953e+01 1.040404040404040338e-03
1.519911082952933867e+01 1.080808080808080872e-03
1.873817422860383886e+01 1.121212121212121189e-03
2.310129700083160387e+01 1.161616161616161724e-03
2.848035868435801987e+01 1.202020202020202041e-03
3.511191734215130822e+01 1.242424242424242358e-03
4.328761281083057355e+01 1.282828282828282892e-03
5.336699231206309690e+01 1.323232323232323209e-03
6.579332246575683030e+01 1.363636363636363744e-03
8.111308307896872805e+01 1.404040404040404061e-03
1.000000000000000000e+02 1.444444444444444378e-03
1.232846739442065882e+02 1.484848484848484912e-03
1.519911082952933157e+02 1.525252525252525446e-03
1.873817422860383033e+02 1.565656565656565764e-03
2.310129700083160458e+02 1.606060606060606081e-03
2.848035868435802058e+02 1.646464646464646398e-03
3.511191734215130964e+02 1.686868686868686932e-03
4.328761281083061476e+02 1.727272727272727466e-03
5.336699231206312106e+02 1.767676767676767784e-03
6.579332246575681893e+02 1.808080808080808101e-03
8.111308307896872520e+02 1.848484848484848418e-03
1.000000000000000000e+03 1.888888888888888952e-03
1.232846739442065882e+03 1.929292929292929486e-03
1.519911082952933157e+03 1.969696969696969804e-03
1.873817422860385022e+03 2.010101010101010121e-03
2.310129700083160515e+03 2.050505050505050872e-03
2.848035868435802058e+03 2.090909090909091189e-03
3.511191734215130964e+03 2.131313131313131506e-03
4.328761281083056929e+03 2.171717171717171824e-03
5.336699231206313016e+03 2.212121212121212141e-03
6.579332246575682802e+03 2.252525252525252458e-03
8.111308307896872066e+03 2.292929292929292776e-03
1.000000000000000000e+04 2.333333333333333093e-03
1.232846739442065882e+04 2.373737373737373844e-03
1.519911082952933066e+04 2.414141414141414161e-03
1.873817422860386796e+04 2.454545454545454912e-03
2.310129700083157877e+04 2.494949494949495229e-03
2.848035868435804878e+04 2.535353535353535546e-03
3.511191734215127508e+04 2.575757575757575864e-03
4.328761281083061476e+04 2.616161616161616181e-03
5.336699231206312834e+04 2.656565656565656498e-03
6.579332246575682075e+04 2.696969696969696816e-03
8.111308307896871702e+04 2.737373737373737133e-03
1.000000000000000000e+05 2.777777777777777884e-03
1.232846739442065882e+05 2.818181818181818201e-03
1.519911082952933211e+05 2.858585858585858952e-03
1.873817422860382940e+05 2.898989898989899269e-03
2.310129700083158095e+05 2.939393939393939587e-03
2.848035868435804732e+05 2.979797979797979904e-03
3.511191734215134638e+05 3.020202020202020221e-03
4.328761281083061476e+05 3.060606060606060538e-03
5.336699231206312543e+05 3.101010101010101289e-03
6.579332246575682657e+05 3.141414141414141607e-03
8.111308307896872284e+05 3.181818181818181924e-03
1.000000000000000000e+06 3.222222222222222241e-03
1.232846739442065824e+06 3.262626262626262558e-03
1.519911082952933153e+06 3.303030303030303309e-03
1.873817422860383056e+06 3.343434343434343627e-03
2.310129700083162636e+06 3.383838383838383944e-03
2.848035868435804732e+06 3.424242424242424261e-03
3.511191734215134755e+06 3.464646464646464578e-03
4.328761281083061360e+06 3.505050505050505329e-03
5.336699231206312776e+06 3.545454545454545647e-03
6.579332246575682424e+06 3.585858585858585964e-03
8.111308307896872051e+06 3.626262626262626281e-03
1.000000000000000000e+07 3.666666666666666598e-03
1.232846739442065917e+07 3.707070707070707349e-03
1.519911082952933200e+07 3.747474747474747667e-03
1.873817422860382870e+07 3.787878787878787984e-03
2.310129700083162636e+07 3.828282828282828301e-03
2.848035868435804918e+07 3.868686868686868618e-03
3.511191734215134382e+07 3.909090909090908936e-03
4.328761281083061546e+07 3.949494949494949253e-03
5.336699231206312776e+07 3.989898989898989570e-03
6.579332246575682610e+07 4.030303030303029888e-03
8.111308307896871865e+07 4.070707070707070205e-03
1.000000000000000000e+08 4.111111111111111389e-03
1.232846739442063421e+08 4.151515151515151707e-03
1.519911082952933013e+08 4.191919191919192024e-03
1.873817422860386968e+08 4.232323232323232341e-03
2.310129700083158016e+08 4.272727272727272659e-03
2.848035868435804844e+08 4.313131313131313843e-03
3.511191734215141535e+08 4.353535353535354160e-03
4.328761281083061695e+08 4.393939393939394478e-03
5.336699231206301451e+08 4.434343434343434795e-03
6.579332246575682163e+08 4.474747474747475112e-03
8.111308307896889448e+08 4.515151515151515429e-03
1.000000000000000000e+09 4.555555555555555747e-03
1.232846739442068338e+09 4.595959595959596064e-03
1.519911082952933073e+09 4.636363636363636381e-03
1.873817422860386848e+09 4.676767676767676699e-03
2.310129700083158016e+09 4.717171717171717016e-03
2.848035868435804844e+09 4.757575757575757333e-03
3.511191734215127468e+09 4.797979797979797650e-03
4.328761281083061218e+09 4.838383838383837968e-03
5.336699231206301689e+09 4.878787878787879152e-03
6.579332246575682640e+09 4.919191919191919470e-03
8.111308307896888733e+09 4.959595959595959787e-03
1.000000000000000000e+10 5.000000000000000104e-03
