1.000000000000000000e+01 9.999999999999999791e-17
1.232846739442065953e+01 1.047615752789666201e-16
1.519911082952933867e+01 1.097498765493054569e-16
1.873817422860383886e+01 1.149756995397735750e-16
2.310129700083160387e+01 1.204503540258783653e-16
2.848035868435801987e+01 1.261856883066018425e-16
3.511191734215130822e+01 1.321941148466028741e-16
4.328761281083057355e+01 1.384886371393874542e-16
5.336699231206309690e+01 1.450828778495937261e-16
6.579332246575683030e+01 1.519911082952933050e-16
8.111308307896872805e+01 1.592282793341093852e-16
1.000000000000000000e+02 1.668100537200055688e-16
1.232846739442065882e+02 1.747528400007682875e-16
1.519911082952933157e+02 1.830738280295369697e-16
1.873817422860383033e+02 1.917910261672492741e-16
2.310129700083160458e+02 2.009233002565045983e-16
2.848035868435802058e+02 2.104904144512021826e-16
3.511191734215130964e+02 2.205130739903050242e-16
4.328761281083061476e+02 2.310129700083158152e-16
5.336699231206312106e+02 2.420128264794383661e-16
6.579332246575681893e+02 2.535364493970116572e-16
8.111308307896872520e+02 2.656087782946684145e-16
1.000000000000000000e+03 2.782559402207125830e-16
1.232846739442065882e+03 2.915053062825181627e-16
1.519911082952933157e+03 3.053855508833412286e-16
1.873817422860385022e+03 3.199267137797384331e-16
2.310129700083160515e+03 3.351602650938847607e-16
2.848035868435802058e+03 3.511191734215127230e-16
3.511191734215130964e+03 3.678379771828634177e-16
4.328761281083056929e+03 3.853528593710535439e-16
5.336699231206313016e+03 4.037017258596549765e-16
6.579332246575682802e+03 4.229242874389499011e-16
8.111308307896872066e+03 4.430621457583886417e-16
1.000000000000000000e+04 4.641588833612772880e-16
1.232846739442065882e+04 4.862601580065353854e-16
1.519911082952933066e+04 5.094138014816385864e-16
1.873817422860386796e+04 5.336699231206301704e-16
2.310129700083157877e+04 5.590810182512222996e-16
2.848035868435804878e+04 5.857020818056673617e-16
3.511191734215127508e+04 6.135907273413163340e-16
4.328761281083061476e+04 6.428073117284318896e-16
5.336699231206312834e+04 6.734150657750828640e-16
6.579332246575682075e+04 7.054802310718631136e-16
8.111308307896871702e+04 7.390722033525774913e-16
1.000000000000000000e+05 7.742636826811277990e-16
1.232846739442065882e+05 8.111308307896888906e-16
1.519911082952933211e+05 8.497534359086438384e-16
1.873817422860382940e+05 8.902150854450392276e-16
2.310129700083158095e+05 9.326033468832180542e-16
2.848035868435804732e+05 9.770099572992247250e-16
3.511191734215134638e+05 1.023531021899026930e-15
4.328761281083061476e+05 1.072267222010325317e-15
5.336699231206312543e+05 1.123324032978026578e-15
6.579332246575682657e+05 1.176811952434999173e-15
8.111308307896872284e+05 1.232846739442068364e-15
1.000000000000000000e+06 1.291549665014882763e-15
1.232846739442065824e+06 1.353047774579807493e-15
1.519911082952933153e+06 1.417474162926807647e-15
1.873817422860383056e+06 1.484968262254463558e-15
2.310129700083162636e+06 1.555676143930472217e-15
2.848035868435804732e+06 1.629750834620646803e-15
3.511191734215134755e+06 1.707352647470688632e-15
4.328761281083061360e+06 1.788649529057435139e-15
5.336699231206312776e+06 1.873817422860386980e-15
6.579332246575682424e+06 1.963040650040268515e-15
8.111308307896872051e+06 2.056512308348651377e-15
1.000000000000000000e+07 2.154434690031886673e-15
1.232846739442065917e+07 2.257019719633917059e-15
1.519911082952933200e+07 2.364489412645407178e-15
1.873817422860382870e+07 2.477076355991713999e-15
2.310129700083162636e+07 2.595024211399742703e-15
2.848035868435804918e+07 2.718588242732940159e-15
3.511191734215134382e+07 2.848035868435804770e-15
4.328761281083061546e+07 2.983647240283334364e-15
5.336699231206312776e+07 3.125715849688235262e-15
6.579332246575682610e+07 3.274549162877731533e-15
8.111308307896871865e+07 3.430469286314926249e-15
1.000000000000000000e+08 3.593813663804625706e-15
1.232846739442063421e+08 3.764935806792471012e-15
1.519911082952933013e+08 3.944206059437648049e-15
1.873817422860386968e+08 4.132012400115334843e-15
2.310129700083158016e+08 4.328761281083061376e-15
2.848035868435804844e+08 4.534878508128591106e-15
3.511191734215141535e+08 4.750810162102793499e-15
4.328761281083061695e+08 4.977023564332113984e-15
5.336699231206301451e+08 5.214008287999694876e-15
6.579332246575682163e+08 5.462277217684337261e-15
8.111308307896889448e+08 5.722367659350220364e-15
1.000000000000000000e+09 5.994842503189421189e-15
1.232846739442068338e+09 6.280291441834246632e-15
1.519911082952933073e+09 6.579332246575682557e-15
1.873817422860386848e+09 6.892612104349709032e-15
2.310129700083158016e+09 7.220809018385456591e-15
2.848035868435804844e+09 7.564633275546290338e-15
3.511191734215127468e+09 7.924828983539185817e-15
4.328761281083061218e+09 8.302175681319735433e-15
5.336699231206301689e+09 8.697490026177834063e-15
6.579332246575682640e+09 9.111627561154905536e-15
8.111308307896888733e+09 9.545484566618328245e-15
1.000000000000000000e+10 9.999999999999999988e-15
