1.000000000000000000e+01 9.999999999999999799e-13
1.232846739442065953e+01 1.191919191919191793e-12
1.519911082952933867e+01 1.383838383838383809e-12
1.873817422860383886e+01 1.575757575757575824e-12
2.310129700083160387e+01 1.767676767676767637e-12
2.848035868435801987e+01 1.959595959595959854e-12
3.511191734215130822e+01 2.151515151515151466e-12
4.328761281083057355e+01 2.343434343434343077e-12
5.336699231206309690e+01 2.535353535353535092e-12
6.579332246575683030e+01 2.727272727272727108e-12
8.111308307896872805e+01 2.919191919191919123e-12
1.000000000000000000e+02 3.111111111111111138e-12
1.232846739442065882e+02 3.303030303030303154e-12
1.519911082952933157e+02 3.494949494949495169e-12
1.873817422860383033e+02 3.686868686868686376e-12
2.310129700083160458e+02 3.878787878787878392e-12
2.848035868435802058e+02 4.070707070707070407e-12
3.511191734215130964e+02 4.262626262626262422e-12
4.328761281083061476e+02 4.454545454545454437e-12
5.336699231206312106e+02 4.646464646464646453e-12
6.579332246575681893e+02 4.838383838383838468e-12
8.111308307896872520e+02 5.030303030303029676e-12
1.000000000000000000e+03 5.222222222222221691e-12
1.232846739442065882e+03 5.414141414141413706e-12
1.519911082952933157e+03 5.606060606060605721e-12
1.873817422860385022e+03 5.797979797979797737e-12
2.310129700083160515e+03 5.989898989898989752e-12
2.848035868435802058e+03 6.181818181818181767e-12
3.511191734215130964e+03 6.373737373737372975e-12
4.328761281083056929e+03 6.565656565656564990e-12
5.336699231206313016e+03 6.757575757575757005e-12
6.579332246575682802e+03 6.949494949494949021e-12
8.111308307896872066e+03 7.141414141414141036e-12
1.000000000000000000e+04 7.333333333333333859e-12
1.232846739442065882e+04 7.525252525252525066e-12
1.519911082952933066e+04 7.717171717171717890e-12
1.873817422860386796e+04 7.909090909090909097e-12
2.310129700083157877e+04 8.101010101010100305e-12
2.848035868435804878e+04 8.292929292929293128e-12
3.511191734215127508e+04 8.484848484848484335e-12
4.328761281083061476e+04 8.676767676767677158e-12
5.336699231206312834e+04 8.868686868686868366e-12
6.579332246575682075e+04 9.060606060606059573e-12
8.111308307896871702e+04 9.252525252525252396e-12
1.000000000000000000e+05 9.444444444444443604e-12
1.232846739442065882e+05 9.636363636363636427e-12
1.519911082952933211e+05 9.828282828282827634e-12
1.873817422860382940e+05 1.002020202020202046e-11
2.310129700083158095e+05 1.021212121212121166e-11
2.848035868435804732e+05 1.040404040404040287e-11
3.511191734215134638e+05 1.059595959595959570e-11
4.328761281083061476e+05 1.078787878787878690e-11
5.336699231206312543e+05 1.097979797979797973e-11
6.579332246575682657e+05 1.117171717171717093e-11
8.111308307896872284e+05 1.136363636363636376e-11
1.000000000000000000e+06 1.155555555555555496e-11
1.232846739442065824e+06 1.174747474747474617e-11
1.519911082952933153e+06 1.193939393939393899e-11
1.873817422860383056e+06 1.213131313131313020e-11
2.310129700083162636e+06 1.232323232323232303e-11
2.848035868435804732e+06 1.251515151515151423e-11
3.511191734215134755e+06 1.270707070707070706e-11
4.328761281083061360e+06 1.289898989898989826e-11
5.336699231206312776e+06 1.309090909090909109e-11
6.579332246575682424e+06 1.328282828282828229e-11
8.111308307896872051e+06 1.347474747474747350e-11
1.000000000000000000e+07 1.366666666666666632e-11
1.232846739442065917e+07 1.385858585858585753e-11
1.519911082952933200e+07 1.405050505050505036e-11
1.873817422860382870e+07 1.424242424242424156e-11
2.310129700083162636e+07 1.443434343434343439e-11
2.848035868435804918e+07 1.462626262626262559e-11
3.511191734215134382e+07 1.481818181818181842e-11
4.328761281083061546e+07 1.501010101010101124e-11
5.336699231206312776e+07 1.520202020202020083e-11
6.579332246575682610e+07 1.539393939393939365e-11
8.111308307896871865e+07 1.558585858585858648e-11
1.000000000000000000e+08 1.577777777777777607e-11
1.232846739442063421e+08 1.596969696969696889e-11
1.519911082952933013e+08 1.616161616161616172e-11
1.873817422860386968e+08 1.635353535353535454e-11
2.310129700083158016e+08 1.654545454545454413e-11
2.848035868435804844e+08 1.673737373737373695e-11
3.511191734215141535e+08 1.692929292929292978e-11
4.328761281083061695e+08 1.712121212121211937e-11
5.336699231206301451e+08 1.731313131313131219e-11
6.579332246575682163e+08 1.750505050505050501e-11
8.111308307896889448e+08 1.769696969696969784e-11
1.000000000000000000e+09 1.788888888888888743e-11
1.232846739442068338e+09 1.808080808080808025e-11
1.519911082952933073e+09 1.827272727272727308e-11
1.873817422860386848e+09 1.846464646464646267e-11
2.310129700083158016e+09 1.865656565656565549e-11
2.848035868435804844e+09 1.884848484848484831e-11
3.511191734215127468e+09 1.904040404040404114e-11
4.328761281083061218e+09 1.923232323232323073e-11
5.336699231206301689e+09 1.942424242424242355e-11
6.579332246575682640e+09 1.961616161616161637e-11
8.111308307896888733e+09 1.980808080808080597e-11
1.000000000000000000e+10 1.999999999999999879e-11
