1.000000000000000000e+01 1.000000000000000000e+00
1.232846739442065953e+01 1.171717171717171713e+00
1.519911082952933867e+01 1.343434343434343425e+00
1.873817422860383886e+01 1.515151515151515138e+00
2.310129700083160387e+01 1.686868686868686851e+00
2.848035868435801987e+01 1.858585858585858563e+00
3.511191734215130822e+01 2.030303030303030276e+00
4.328761281083057355e+01 2.202020202020201989e+00
5.336699231206309690e+01 2.373737373737373701e+00
6.579332246575683030e+01 2.545454545454545414e+00
8.111308307896872805e+01 2.717171717171717127e+00
1.000000000000000000e+02 2.888888888888888840e+00
1.232846739442065882e+02 3.060606060606060552e+00
1.519911082952933157e+02 3.232323232323232265e+00
1.873817422860383033e+02 3.404040404040403978e+00
2.310129700083160458e+02 3.575757575757575690e+00
2.848035868435802058e+02 3.747474747474747403e+00
3.511191734215130964e+02 3.919191919191919116e+00
4.328761281083061476e+02 4.090909090909090828e+00
5.336699231206312106e+02 4.262626262626262985e+00
6.579332246575681893e+02 4.434343434343434254e+00
8.111308307896872520e+02 4.606060606060605522e+00
1.000000000000000000e+03 4.777777777777777679e+00
1.232846739442065882e+03 4.949494949494949836e+00
1.519911082952933157e+03 5.121212121212121104e+00
1.873817422860385022e+03 5.292929292929292373e+00
2.310129700083160515e+03 5.464646464646464530e+00
2.848035868435802058e+03 5.636363636363636687e+00
3.511191734215130964e+03 5.808080808080807955e+00
4.328761281083056929e+03 5.979797979797979224e+00
5.336699231206313016e+03 6.151515151515151381e+00
6.579332246575682802e+03 6.323232323232323537e+00
8.111308307896872066e+03 6.494949494949494806e+00
1.000000000000000000e+04 6.666666666666666075e+00
1.232846739442065882e+04 6.838383838383838231e+00
1.519911082952933066e+04 7.010101010101010388e+00
1.873817422860386796e+04 7.181818181818181657e+00
2.310129700083157877e+04 7.353535353535352925e+00
2.848035868435804878e+04 7.525252525252525082e+00
3.511191734215127508e+04 7.696969696969697239e+00
4.328761281083061476e+04 7.868686868686868507e+00
5.336699231206312834e+04 8.040404040404039776e+00
6.579332246575682075e+04 8.212121212121211045e+00
8.111308307896871702e+04 8.383838383838384090e+00
1.000000000000000000e+05 8.555555555555555358e+00
1.232846739442065882e+05 8.727272727272726627e+00
1.519911082952933211e+05 8.898989898989899672e+00
1.873817422860382940e+05 9.070707070707070940e+00
2.310129700083158095e+05 9.242424242424242209e+00
2.848035868435804732e+05 9.414141414141413478e+00
3.511191734215134638e+05 9.585858585858584746e+00
4.328761281083061476e+05 9.757575757575757791e+00
5.336699231206312543e+05 9.929292929292929060e+00
6.579332246575682657e+05 1.010101010101010033e+01
8.111308307896872284e+05 1.027272727272727337e+01
1.000000000000000000e+06 1.044444444444444464e+01
1.232846739442065824e+06 1.061616161616161591e+01
1.519911082952933153e+06 1.078787878787878718e+01
1.873817422860383056e+06 1.095959595959595845e+01
2.310129700083162636e+06 1.113131313131313149e+01
2.848035868435804732e+06 1.130303030303030276e+01
3.511191734215134755e+06 1.147474747474747403e+01
4.328761281083061360e+06 1.164646464646464707e+01
5.336699231206312776e+06 1.181818181818181834e+01
6.579332246575682424e+06 1.198989898989898961e+01
8.111308307896872051e+06 1.216161616161616088e+01
1.000000000000000000e+07 1.233333333333333215e+01
1.232846739442065917e+07 1.250505050505050519e+01
1.519911082952933200e+07 1.267676767676767646e+01
1.873817422860382870e+07 1.284848484848484773e+01
2.310129700083162636e+07 1.302020202020202078e+01
2.848035868435804918e+07 1.319191919191919204e+01
3.511191734215134382e+07 1.336363636363636331e+01
4.328761281083061546e+07 1.353535353535353458e+01
5.336699231206312776e+07 1.370707070707070585e+01
6.579332246575682610e+07 1.387878787878787890e+01
8.111308307896871865e+07 1.405050505050505016e+01
1.000000000000000000e+08 1.422222222222222143e+01
1.232846739442063421e+08 1.439393939393939448e+01
1.519911082952933013e+08 1.456565656565656575e+01
1.873817422860386968e+08 1.473737373737373701e+01
2.310129700083158016e+08 1.490909090909090828e+01
2.848035868435804844e+08 1.508080808080807955e+01
3.511191734215141535e+08 1.525252525252525260e+01
4.328761281083061695e+08 1.542424242424242387e+01
5.336699231206301451e+08 1.559595959595959513e+01
6.579332246575682163e+08 1.576767676767676818e+01
8.111308307896889448e+08 1.593939393939393945e+01
1.000000000000000000e+09 1.611111111111111072e+01
1.232846739442068338e+09 1.628282828282828376e+01
1.519911082952933073e+09 1.645454545454545325e+01
1.873817422860386848e+09 1.662626262626262630e+01
2.310129700083158016e+09 1.679797979797979934e+01
2.848035868435804844e+09 1.696969696969696884e+01
3.511191734215127468e+09 1.714141414141414188e+01
4.328761281083061218e+09 1.731313131313131137e+01
5.336699231206301689e+09 1.748484848484848442e+01
6.579332246575682640e+09 1.765656565656565746e+01
8.111308307896888733e+09 1.782828282828282696e+01
1.000000000000000000e+10 1.800000000000000000e+01
