9.000000000000007153e+08 5.000000000000000000e+00
1.518968953341728926e+09 7.777777777777777679e+00
2.563629645795628548e+09 1.055555555555555536e+01
4.326748710922233582e+09 1.333333333333333215e+01
7.302441067558015823e+09 1.611111111111111072e+01
1.232464585025355911e+10 1.888888888888888928e+01
2.080083823051901627e+10 2.166666666666666430e+01
3.510647497293563080e+10 2.444444444444444287e+01
5.925071727239733124e+10 2.722222222222222143e+01
1.000000000000000000e+11 3.000000000000000000e+01
