1.723480382852221951e-02 4.123351176360553344e-02 9.864936724987240224e-02 2.360142816501458185e-01 5.646538107207821344e-01 1.350909460784750049e+00 3.231991596600037653e+00 7.732398050144134949e+00 1.849942297769899469e+01 4.425905757676797236e+01
3.897174646598072778e-02 9.323819303901262345e-02 2.230682848347276814e-01 5.336810815100941907e-01 1.276808565470456625e+00 3.054708456679440243e+00 7.308255918435767384e+00 1.748468154221512094e+01 4.183133322705425883e+01 1.000796288641563478e+02
5.113492988914378895e-02 1.223380755646200635e-01 2.926884766499342483e-01 7.002443349569387188e-01 1.675303839261673255e+00 4.008090910178483846e+00 9.589181596656183970e+00 2.294169612274462722e+01 5.488700111507823465e+01 1.313147413028409574e+02
6.079157682240346472e-02 1.454411795442891453e-01 3.479616389788824926e-01 8.324829500162308493e-01 1.991678922140569075e+00 4.765004410987217831e+00 1.140006392813815950e+01 2.727415262533017781e+01 6.525221315590411564e+01 1.561130562050597348e+02
6.936834661377003219e-02 1.659607248553177095e-01 3.970537505795910804e-01 9.499336724803936205e-01 2.272674620992412020e+00 5.437274288231502162e+00 1.300844010505729287e+01 3.112212204065624022e+01 7.445831110349219273e+01 1.781382415100743515e+02
7.686062230495670222e-02 1.838856656276322832e-01 4.399383846926873121e-01 1.052533277487437635e+00 2.518139673109688115e+00 6.024538652522181792e+00 1.441344432293253419e+01 3.448353296950007518e+01 8.250033922611100934e+01 1.973784408472131133e+02
8.368298222359864258e-02 2.002078623152051540e-01 4.789885239238123038e-01 1.145959021776578712e+00 2.741656666079152593e+00 6.559293248551855804e+00 1.569282122477698671e+01 3.754438605823590791e+01 8.982329590706785893e+01 2.148982933185770605e+02
9.003637968291994254e-02 2.154080869005434440e-01 5.153543941411312668e-01 1.232962770256618601e+00 2.949809315922054864e+00 7.057289327957121827e+00 1.688425498884479126e+01 4.039483904946435189e+01 9.664287958871749140e+01 2.312138479809885041e+02
9.568604655603696330e-02 2.289246669435144321e-01 5.476922186821460148e-01 1.310329596237815197e+00 3.134906051628969514e+00 7.500125144663391197e+00 1.794372024526305864e+01 4.292956317793734655e+01 1.027070958228425894e+02 2.457222191765476964e+02
1.014248999851816296e-01 2.426546219075875199e-01 5.805405333573600002e-01 1.388917747460839180e+00 3.322924754375783163e+00 7.949951639274167370e+00 1.901991039176298770e+01 4.550430087191352868e+01 1.088670427563301786e+02 2.604596218689301281e+02
