1.013656455026981235e-01 2.425128581587894794e-01 5.802013698100475514e-01 1.388106313559006599e+00 3.320983434377627219e+00 7.945307116378676149e+00 1.900879857457301370e+01 4.547771633695877114e+01 1.088034404231853642e+02 2.603074560782421258e+02
1.006101907016700991e-01 2.407054657025138600e-01 5.758772626807305839e-01 1.377761077027290781e+00 3.296232910004274874e+00 7.886092573059356070e+00 1.886713037847245644e+01 4.513878139528139855e+01 1.079925534503018980e+02 2.583674445835936240e+02
9.578170503009841852e-02 2.291535256444747204e-01 5.482397530801084162e-01 1.311639548254907472e+00 3.138040054339063634e+00 7.507623108603078244e+00 1.796165879492026818e+01 4.297248037071028648e+01 1.028097733230143831e+02 2.459678705894280029e+02
9.803823186506242793e-02 2.345521670633227418e-01 5.611557657406739397e-01 1.342540541691046529e+00 3.211969324961077454e+00 7.684495643979591506e+00 1.838481857327740343e+01 4.398487156891458483e+01 1.052318748331832410e+02 2.517626421520096756e+02
9.710332776918287334e-02 2.323154500447340565e-01 5.558045184380964177e-01 1.329737917373638556e+00 3.181339608159587939e+00 7.611215390800266434e+00 1.820949878364863039e+01 4.356542666661245988e+01 1.042283713129031355e+02 2.493618040212145672e+02
9.774052565627407152e-02 2.338399180244414011e-01 5.594517411741322110e-01 1.338463737701337530e+00 3.202215750337304101e+00 7.661160644754303917e+00 1.832899061175066535e+01 4.385130562112345132e+01 1.049123241649970026e+02 2.509981312027223055e+02
9.833751811007794552e-02 2.352681962695333528e-01 5.628688341916482374e-01 1.346638982777344840e+00 3.221774665388837722e+00 7.707954490619036036e+00 1.844094283430712977e+01 4.411914640026272139e+01 1.055531214741683073e+02 2.525312106417858899e+02
9.520545676939362600e-02 2.277748769709571353e-01 5.449413966344556215e-01 1.303748375216006172e+00 3.119160769169034175e+00 7.462455247402443703e+00 1.785359666931190148e+01 4.271394647779189313e+01 1.021912423306685724e+02 2.444880623361516712e+02
9.561814500300731823e-02 2.287622154579349032e-01 5.473035606325212798e-01 1.309399748911401096e+00 3.132681432709397029e+00 7.494802841531752691e+00 1.793098686860432878e+01 4.289909913312011724e+01 1.026342119326146474e+02 2.455478476678846391e+02
1.055230079202248428e-01 2.524591652855911472e-01 6.039974730902422095e-01 1.445037446300307504e+00 3.457188670883942994e+00 8.271172166983626894e+00 1.978841640667335611e+01 4.734291778461472688e+01 1.132658530272753552e+02 2.709835823884412207e+02
