1.000000000000000000e+08 5.000000000000000000e+00
2.154434690031886697e+08 7.777777777777777679e+00
4.641588833612772822e+08 1.055555555555555536e+01
1.000000000000000000e+09 1.333333333333333215e+01
2.154434690031886578e+09 1.611111111111111072e+01
4.641588833612772942e+09 1.888888888888888928e+01
1.000000000000000000e+10 2.166666666666666430e+01
2.154434690031877899e+10 2.444444444444444287e+01
4.641588833612772369e+10 2.722222222222222143e+01
1.000000000000000000e+11 3.000000000000000000e+01
