2.053916153567580949e-01 4.913904255726589954e-01 1.175630027180337489e+00 2.812643244315058411e+00 6.729125521542691502e+00 1.609913748435730341e+01 3.851647987699017506e+01 9.214898770546240314e+01 2.204624088769404580e+02 5.274466376470260229e+02
1.737635077329563182e-01 4.157215661680414009e-01 9.945956019880176635e-01 2.379526327229432692e+00 5.692912305926532746e+00 1.362004284302446599e+01 3.258535474939689891e+01 7.795903114121622934e+01 1.865135605617307988e+02 4.462255079902178068e+02
1.484539537929198127e-01 3.551695691449580083e-01 8.497276065989922689e-01 2.032936006186276678e+00 4.863710173887517918e+00 1.163621313390680179e+01 2.783912923608293610e+01 6.660389490159845138e+01 1.593468954594120817e+02 3.812304540157369956e+02
1.285869531880163841e-01 3.076386421149586714e-01 7.360119497034300906e-01 1.760876287783822436e+00 4.212819237688642637e+00 1.007898513516597738e+01 2.411352959227188819e+01 5.769056126183055966e+01 1.380221359121011631e+02 3.302119026937346575e+02
1.129068450293905790e-01 2.701246715095420581e-01 6.462614214323676443e-01 1.546152087840783285e+00 3.699101013079105105e+00 8.849936828705965652e+00 2.117308545918634977e+01 5.065567772279329972e+01 1.211914857899082847e+02 2.899453109351399576e+02
1.003644927833737682e-01 2.401176442161097324e-01 5.744709255726497821e-01 1.374396477217127766e+00 3.288183252623052333e+00 7.866834121055838125e+00 1.882105537726346611e+01 4.502854897701534753e+01 1.077288272274491590e+02 2.577364911697594039e+02
9.017703340836226433e-02 2.157445947656937424e-01 5.161594744399427004e-01 1.234888889538391377e+00 2.954417471770724557e+00 7.068314138583639661e+00 1.691063136441500347e+01 4.045794337041726862e+01 9.679385390709298065e+01 2.315750474117842259e+02
8.177692353251514445e-02 1.956477005493457433e-01 4.680785370340670992e-01 1.119857356957243200e+00 2.679209578541281278e+00 6.409891332277391385e+00 1.533538369699883752e+01 3.668923246014252726e+01 8.777737845436561770e+01 2.100035256036260876e+02
7.475327162824797755e-02 1.788439216204095183e-01 4.278762334260237110e-01 1.023675109962185026e+00 2.449097773824511659e+00 5.859358938573498321e+00 1.401825910667028019e+01 3.353806968336821370e+01 8.023835980826243031e+01 1.919667543631151716e+02
6.880585456597045069e-02 1.646149873174470590e-01 3.938341325815791771e-01 9.422308777218226794e-01 2.254246022590581155e+00 5.393184675344169676e+00 1.290295764121665201e+01 3.086975987530166421e+01 7.385454569847979656e+01 1.766937592764653573e+02
