9.000000000000007153e+08 2.000000000000000000e+00
1.518968953341728926e+09 7.575396825396826017e+00
2.563629645795628548e+09 1.315079365079365203e+01
4.326748710922233582e+09 1.872619047619047805e+01
7.302441067558015823e+09 2.430158730158730407e+01
1.232464585025355911e+10 2.987698412698413009e+01
2.080083823051901627e+10 3.545238095238095610e+01
3.510647497293563080e+10 4.102777777777778567e+01
5.925071727239733124e+10 4.660317460317460814e+01
1.000000000000000000e+11 5.217857142857143060e+01
