3.390696814606873068e-04 8.112093319016337994e-04 1.940782724451853595e-03 4.643237491734744649e-03 1.110874191789829740e-02 2.657717750128806011e-02 6.358473076027794380e-02 1.521236777555138864e-01 3.639492226696702248e-01 8.707325423379469465e-01
1.818466354892364113e-03 4.350600945749458388e-03 1.040862182477740767e-02 2.490217090516663040e-02 5.957735099126718059e-02 1.425361975328900965e-01 3.410115970096285198e-01 8.158552796262423801e-01 1.951897950482956778e+00 4.669830182192302281e+00
4.234958727125901629e-03 1.013195289199311788e-02 2.424025262584709323e-02 5.799374055807501871e-02 1.387474790725199691e-01 3.319472543713814505e-01 7.941692376775091322e-01 1.900015046871410540e+00 4.545702612323690772e+00 1.087539399949019980e+01
1.780837922656196195e-03 4.260576573050282867e-03 1.019324246405851377e-02 2.438688523715436610e-02 5.834455264525764684e-02 1.395867815947630097e-01 3.339552488207813696e-01 7.989732762714136793e-01 1.911508498369057119e+00 4.573200190610503313e+00
9.895345408534763146e-03 2.367417960583444170e-02 5.663943570134532396e-02 1.355073641401377538e-01 3.241954215968954611e-01 7.756233179747628048e-01 1.855644747920600635e+00 4.439548619394851237e+00 1.062142523026398599e+01 2.541129371333836318e+01
4.405391430791220225e-03 1.053970565561071146e-02 2.521578321746568638e-02 6.032765468471532055e-02 1.443312661903521921e-01 3.453062199911453023e-01 8.261299766283373147e-01 1.976479712127510613e+00 4.728640968089583119e+00 1.131306598691393717e+01
6.385909919264436650e-03 1.527800921885473680e-02 3.655196653921741895e-02 8.744897576283972018e-02 2.092178365769936654e-01 5.005444919179682373e-01 1.197530729160447338e+00 2.865039712630736535e+00 6.854481772426757935e+00 1.639904681299831068e+01
1.775641322494447144e-02 4.248143935230197510e-02 1.016349792371400718e-01 2.431572272980000171e-01 5.817429946957206610e-01 1.391794583439578847e+00 3.329807458197162617e+00 7.966418206100740029e+00 1.905930593021560071e+01 4.559855296868128960e+01
9.458804553078174748e-03 2.262977476793457884e-02 5.414074296321028101e-02 1.295293514260608680e-01 3.098932885397762127e-01 7.414060923235243905e-01 1.773781537265811226e+00 4.243694480692408177e+00 1.015285279900873405e+01 2.429025473613281960e+01
4.472363156748809278e-03 1.069993257072831584e-02 2.559911907989159685e-02 6.124476891183478627e-02 1.465254217286889871e-01 3.505556408201462304e-01 8.386889855766443969e-01 2.006526589850147424e+00 4.800526804352228893e+00 1.148504969526732644e+01
