4.043567710929821604e-03 9.674058285458095666e-03 2.314475987565938614e-02 5.537282223192296904e-02 1.324770470033139469e-01 3.169455208407328528e-01 7.582782485972165976e-01 1.814147430670259409e+00 4.340268109095781313e+00 1.038390096656806172e+01
1.736534454480504960e-02 4.154582469817863499e-02 9.939656223913793942e-02 2.378019128692839268e-01 5.689306399575231321e-01 1.361141587033396272e+00 3.256471509585297852e+00 7.790965167593960850e+00 1.863954223582082648e+01 4.459428675231058747e+01
4.281747378282968475e-02 1.024389268643947914e-01 2.450806367127837671e-01 5.863446673065491055e-01 1.402803883204105873e+00 3.356146724710777907e+00 8.029433745264375588e+00 1.921006784205667017e+01 4.595924422616543836e+01 1.099554747649542605e+02
7.841125442423134417e-02 1.875954849192985607e-01 4.488139645325123772e-01 1.073767712725313350e+00 2.568942127485494442e+00 6.146081295012731260e+00 1.470422976086249101e+01 3.517922436783948115e+01 8.416475036433322998e+01 2.013604714482104896e+02
1.160256896423461220e-01 2.775863703670791716e-01 6.641132084721229623e-01 1.588861704859281465e+00 3.801281897368423479e+00 9.094400109882776917e+00 2.175795313046740986e+01 5.205494795782839645e+01 1.245391784164584692e+02 2.979545186215861463e+02
1.467089110859318424e-01 3.509946310544238557e-01 8.397392504458761620e-01 2.009039302456060216e+00 4.806538358984664860e+00 1.149943207589196348e+01 2.751188655779033354e+01 6.582098115571632491e+01 1.574738086826833410e+02 3.767491761079094204e+02
1.651702886679755899e-01 3.951626666918120478e-01 9.454093372742303769e-01 2.261850347574393627e+00 5.411377689131541935e+00 1.294648362825307863e+01 3.097389388903024710e+01 7.410368175612168784e+01 1.772898063603616094e+02 4.241580808729245291e+02
1.737641097875403107e-01 4.157230065572108946e-01 9.945990480558901670e-01 2.379534571795577591e+00 5.692932030689199507e+00 1.362009003365347226e+01 3.258546765090570574e+01 7.795930125312106895e+01 1.865142067926084906e+02 4.462270540692312011e+02
1.820430085561318134e-01 4.355299085191282060e-01 1.041986191720137400e+00 2.492906233298900709e+00 5.964168755212893025e+00 1.426901199311672919e+01 3.413798495922046072e+01 8.167363077682917094e+01 1.954005771646498886e+02 4.674873051818626664e+02
1.944543960403067318e-01 4.652236083675977407e-01 1.113027065419006867e+00 2.662868405801929406e+00 6.370795793675243956e+00 1.524184933670690434e+01 3.646545560815326326e+01 8.724200215703572781e+01 2.087226613087058809e+02 4.993598068207034544e+02
