2.399998221434367432e-02 5.741890414347210897e-02 1.373722081788383842e-01 3.286569791157455400e-01 7.862973985310586222e-01 1.881182017190536238e+00 4.500645415350810197e+00 1.076759663318994065e+01 2.576100237971003892e+01 6.163206760196251821e+01
5.307334312141435972e-02 1.269756441503026856e-01 3.037836559588981133e-01 7.267890645115832049e-01 1.738810939733672845e+00 4.160028860876306744e+00 9.952686475491464790e+00 2.381136559196003333e+01 5.696764715237152643e+01 1.362925956322678189e+02
8.055765987863365563e-02 1.927306657681283064e-01 4.610996593419913192e-01 1.103160698365936998e+00 2.639263555639751235e+00 6.314322225625092599e+00 1.510673880364279320e+01 3.614220958748978063e+01 8.646865023912707215e+01 2.068724507857569392e+02
8.083397516155119145e-02 1.933917379556625016e-01 4.626812455377200539e-01 1.106944573927016062e+00 2.648316311853986083e+00 6.335980547562877874e+00 1.515855538834471439e+01 3.626617849227769597e+01 8.676524040312037300e+01 2.075820297364467422e+02
9.201997528009898952e-02 2.201537523113189232e-01 5.267081903600073778e-01 1.260126229418123245e+00 3.014796699823839354e+00 7.212768791794449186e+00 1.725623278243742220e+01 4.128477959537986663e+01 9.877202328736457559e+01 2.363077308367528531e+02
1.035620348340955538e-01 2.477676232396519573e-01 5.927731646463862969e-01 1.418183780957616102e+00 3.392942455097526455e+00 8.117465915334143745e+00 1.942068094541791368e+01 4.646312683262967624e+01 1.111609917866644253e+02 2.659477942478267778e+02
1.258427805935276311e-01 3.010733296181051233e-01 7.203047276912623031e-01 1.723297448473771531e+00 4.122913513888682324e+00 9.863889636731228094e+00 2.359892305231637621e+01 5.645938769989142969e+01 1.350766071985544272e+02 3.231648545190946038e+02
1.184769060206207064e-01 2.834507979738187800e-01 6.781435941449284188e-01 1.622428786819920754e+00 3.881589667776774721e+00 9.286532926060329984e+00 2.221762246090220216e+01 5.315468665705772366e+01 1.271702549893476117e+02 3.042492538502884258e+02
1.366609905188360674e-01 3.269554220779070097e-01 7.822264979954777209e-01 1.871442566321688039e+00 4.477344206589322972e+00 1.071184951386478446e+01 2.562762984333820171e+01 6.131297966210858164e+01 1.466886129551051283e+02 3.509460686672595102e+02
1.342994705510782427e-01 3.213055891967583899e-01 7.687095207855768608e-01 1.839103791576224500e+00 4.399975107285684750e+00 1.052674733933369922e+01 2.518478101448380002e+01 6.025348327469698262e+01 1.441538143470968691e+02 3.448816742441150041e+02
