1.238990207884599218e-03 2.964229695916542357e-03 7.091789454216472846e-03 1.696679502678863707e-02 4.059231246775145407e-02 9.711532607531191130e-02 2.323441554655694408e-01 5.558731948976299853e-01 1.329902222789020039e+00 3.181732701654898410e+00
1.802233070964428391e-02 4.311763526393587453e-02 1.031570500345402319e-01 2.467987148805727005e-01 5.904550939204618043e-01 1.412637898480656462e+00 3.379674174667500530e+00 8.085722136719853737e+00 1.934473534824509500e+01 4.628143032447231064e+01
1.346586307195493833e-02 3.221648641371070015e-02 7.707652983687483805e-02 1.844022149220584939e-01 4.411742062094345940e-01 1.055489926228867725e+00 2.525213325463004921e+00 6.041462055331106917e+00 1.445393282142343594e+01 3.458039992519191941e+01
9.636557520093020539e-04 2.305504094034629796e-03 5.515817361674535055e-03 1.319635096119384232e-02 3.157169051698510004e-02 7.553388395257595866e-02 1.807115023470740600e-01 4.323443383507207249e-01 1.034364854899613606e+00 2.474672519438845253e+00
2.134987330201911903e-03 5.107863487795648305e-03 1.222033922210137222e-02 2.923662526613000565e-02 6.994734282058058528e-02 1.673459478692910785e-01 4.003678358462513520e-01 9.578624760332536958e-01 2.291643935515570440e+00 5.482657540708352428e+00
3.372548958385807299e-03 8.068675369475353937e-03 1.930395170575626568e-02 4.618385724971860867e-02 1.104928515660531796e-01 2.643492980931592129e-01 6.324440940016056167e-01 1.513094738373594206e+00 3.620012755290340056e+00 8.660721642949209098e+00
2.152106454761364834e-03 5.148820241984904469e-03 1.231832645900087127e-02 2.947105542997627281e-02 7.050820669897889248e-02 1.686877900833257948e-01 4.035781344529426051e-01 9.655429745570968114e-01 2.310019191154345730e+00 5.526619533376166515e+00
4.325015581135590800e-03 1.034740996282188484e-02 2.475572421188670588e-02 5.922698370480547481e-02 1.416979591768505742e-01 3.390061485311666734e-01 8.110573321560702320e-01 1.940419071731514844e+00 4.642367468561220178e+00 1.110666042563896561e+01
2.547335941308402282e-03 6.094389442830190455e-03 1.458055927315297061e-02 3.488334815360939062e-02 8.345687950711830339e-02 1.996669214891557964e-01 4.776943467381450370e-01 1.142862759658347827e+00 2.734248994849149739e+00 6.541570720239872294e+00
3.551504699446187546e-02 8.496819126004008516e-02 2.032826685300051783e-01 4.863448628465069090e-01 1.163558739796230368e+00 2.783763219029766312e+00 6.660031328525906069e+00 1.593383265995091058e+01 3.812099533944867602e+01 9.120280830630643720e+01
1.543185269217345335e-03 3.692003029729416103e-03 8.832955215056153414e-03 2.113245769381337860e-02 5.055847757719818952e-02 1.209589387074633260e-01 2.893889522463499731e-01 6.923503676299456178e-01 1.656417868880019073e+00 3.962907054902461645e+00
4.096687084515912569e-02 9.801144055474965422e-02 2.344880700292087394e-01 5.610024163996285562e-01 1.342173660122747636e+00 3.211091576910492851e+00 7.682395670290971701e+00 1.837979447839043345e+01 4.397285164239354316e+01 1.052031176865087616e+02
