6.328265780502518320e-04 2.274260803015726133e-03 8.173269548933163181e-03 2.937320778291436368e-02 1.055618354800102604e-01 3.793695667243553449e-01 1.363383532525632047e+00 4.899746368196818302e+00 1.760877544720285925e+01 6.328265780502520954e+01
1.071709683474461605e-03 3.851524904102261639e-03 1.384166282684644832e-02 4.974435699689749163e-02 1.787719498726258460e-01 6.424730761572359228e-01 2.308928519720469641e+00 8.297858862919584411e+00 2.982095856188279015e+01 1.071709683474461912e+02
1.277228392127234807e-03 4.590120847426082916e-03 1.649603901999425332e-02 5.928369042870980377e-02 2.130545367034612780e-01 7.656783051404603135e-01 2.751705155092560862e+00 9.889115585133236408e+00 3.553963871279518827e+01 1.277228392127235423e+02
1.445407860433110727e-03 5.194526518595137844e-03 1.866816037952260046e-02 6.708988985002468930e-02 2.411085628461665242e-01 8.664992476168462687e-01 3.114036835761857080e+00 1.119126812995184572e+01 4.021933232072228037e+01 1.126797519356648962e+02
1.619675356377050590e-03 5.820811426675487864e-03 2.091891163961637559e-02 7.517867048237519834e-02 2.701781332062260788e-01 9.709698667777578729e-01 3.489484774368472042e+00 1.254055806176357279e+01 4.506842891410128971e+01 1.286771217341280078e+02
1.750679799646149204e-03 6.291616984915094669e-03 2.261089908781303143e-02 8.125935809269027588e-02 2.920309914255039829e-01 1.049504967239383690e+00 3.771725291495731991e+00 1.355487788869480070e+01 4.871370536759469161e+01 1.421492095076395685e+02
1.883918242476280208e-03 6.770451121302071933e-03 2.433173974985662971e-02 8.744373877717319388e-02 3.142565032315681184e-01 1.129379315253067562e+00 4.058778814774796295e+00 1.458649476289835611e+01 5.242114418591885538e+01 1.547858863040983408e+02
2.011956384734917610e-03 7.230596346439324869e-03 2.598541594728934201e-02 9.338674289101535353e-02 3.356145526199412199e-01 1.206136164977216652e+00 4.334628630104042202e+00 1.557784759838657962e+01 5.598388155174789915e+01 1.681822317251714480e+02
2.119745769162600501e-03 7.617971309008621933e-03 2.737756938078667740e-02 9.838988292243062983e-02 3.535949056267693735e-01 1.270754203293186002e+00 4.566853819132224324e+00 1.641242165579566858e+01 4.574307174345548788e+01 1.800665935766232337e+02
2.220111999915111954e-03 7.978668840471566867e-03 2.867384909785880565e-02 1.030484706817572371e-01 3.703370019702704186e-01 1.330922177893193226e+00 4.783086308373180273e+00 1.718952093018830141e+01 4.886003540759701735e+01 1.926173456607560013e+02
