9.000000000000007153e+08 1.000000000000000087e-07
1.518968953341728926e+09 1.444444444444444497e-07
2.563629645795628548e+09 1.888888888888889039e-07
4.326748710922233582e+09 2.333333333333333581e-07
7.302441067558015823e+09 2.777777777777778123e-07
1.232464585025355911e+10 3.222222222222222665e-07
2.080083823051901627e+10 3.666666666666667207e-07
3.510647497293563080e+10 4.111111111111111749e-07
5.925071727239733124e+10 4.555555555555556291e-07
1.000000000000000000e+11 5.000000000000000833e-07
