1.377808841838601972e-01 3.296347185219048459e-01 7.886365971495475913e-01 1.886778447223204980e+00 4.514034628589453035e+00 1.079962973824136263e+01 2.583764017768582022e+01 6.181542017016186463e+01 1.478906798196575210e+02 3.538219608847347786e+02
1.452338040176226197e-01 3.474655021325704918e-01 8.312959643857414926e-01 1.988839111113708258e+00 4.758210287738299016e+00 1.138380928644358114e+01 2.723526410845494183e+01 6.515917408600823535e+01 1.558904643136058610e+02 3.729610941942556792e+02
1.523224987070923298e-01 3.644248930705246692e-01 8.718705628959049214e-01 2.085912057322916624e+00 4.990453051234171156e+00 1.193943990550356915e+01 2.856458597919850106e+01 6.833951832086468414e+01 1.634992983174630865e+02 3.911648956141567055e+02
1.590956611454726888e-01 3.806293869457366141e-01 9.106391033141637559e-01 2.178664088811003374e+00 5.212358215894827396e+00 1.247033827304387898e+01 2.983473702362320523e+01 7.137829895062556318e+01 1.707694476090320848e+02 4.085584087240058579e+02
1.655920142345578272e-01 3.961716266012891285e-01 9.478232295767109461e-01 2.267625478967864705e+00 5.425194437533107816e+00 1.297953959241833033e+01 3.105297883254491964e+01 7.429288901262319200e+01 1.777424764176676035e+02 4.252410741183752521e+02
1.718429543542618620e-01 4.111267264982115255e-01 9.836026497349570352e-01 2.353226171419524615e+00 5.629990337405033074e+00 1.346950479483811236e+01 3.222519907588178256e+01 7.709737449874036486e+01 1.844520848607471919e+02 4.412935178490696444e+02
1.778743566232745266e-01 4.255565917223690930e-01 1.018125468989962146e+00 2.435820501359521550e+00 5.827593646910179892e+00 1.394226204047172502e+01 3.335625003782561748e+01 7.980336428595033738e+01 1.909260466669423408e+02 4.567821873430100936e+02
1.837078455784802999e-01 4.395129580292065352e-01 1.051515462866063899e+00 2.515704596297607232e+00 6.018712838119272490e+00 1.439950631765515432e+01 3.445018690358110547e+01 8.242056022688250039e+01 1.971875730928767325e+02 4.717626145129798942e+02
1.893617128936831706e-01 4.530395874455201422e-01 1.083877330091756575e+00 2.593128943346717730e+00 6.203947190456703176e+00 1.484267137611025511e+01 3.551043985643377709e+01 8.495716888450462534e+01 2.032562979802834491e+02 4.862817724636408343e+02
1.948515950485718295e-01 4.661738895627156598e-01 1.115300571472657598e+00 2.668307669256306358e+00 6.383808992773004398e+00 1.527298284442873921e+01 3.653994115899929085e+01 8.742020556843431223e+01 2.091490051495367481e+02 5.003798157486348828e+02
2.001909835030427631e-01 4.789481421064862854e-01 1.145862410050892066e+00 2.741425526765514764e+00 6.558740257888197256e+00 1.569149821888357899e+01 3.754122082469960731e+01 8.981572322474715975e+01 2.148801760084724606e+02 5.140913905006535742e+02
2.053916153567580949e-01 4.913904255726589954e-01 1.175630027180337489e+00 2.812643244315058411e+00 6.729125521542691502e+00 1.609913748435730341e+01 3.851647987699017506e+01 9.214898770546240314e+01 2.204624088769404580e+02 5.274466376470260229e+02
