2.112592889683415423e-03 5.054285771695935826e-03 1.209215688773626965e-02 2.892995465679107370e-02 6.921364684680904322e-02 1.655906124522814604e-01 3.961682728987138136e-01 9.478152059904859650e-01 2.267606282889958358e+00 5.425148511759188885e+00
2.700116390112668099e-03 6.459909961409819601e-03 1.545505107199490920e-02 3.697553140289314144e-02 8.846233610989048812e-02 2.116422567332424953e-01 5.063448107395392972e-01 1.211407737378326077e+00 2.898239845761848787e+00 6.933911633865010415e+00
2.193440526888800444e-03 5.247710195491875340e-03 1.255491633271234482e-02 3.003708631944236249e-02 7.186241076022495400e-02 1.719276638669370305e-01 4.113293902895798770e-01 9.840875139613555200e-01 2.354386187801601249e+00 5.632765625688683997e+00
9.803915689705717737e-03 2.345543801617726298e-02 5.611610604815875369e-02 1.342553209126308156e-01 3.211999631243996345e-01 7.684568150431401179e-01 1.838499204178121404e+00 4.398528658469682107e+00 1.052328677402281620e+01 2.517650176385381755e+01
8.529177687702666280e-03 2.040568329172127299e-02 4.881970171665960673e-02 1.167989937720225330e-01 2.794364665587798502e-01 6.685394824142704140e-01 1.599451371006825884e+00 3.826617208870189746e+00 9.155013730741918820e+00 2.190296855817968336e+01
4.294131026296173215e-03 1.027352002082107529e-02 2.457894576851037474e-02 5.880404903742929290e-02 1.406861065467886196e-01 3.365853355216418263e-01 8.052656432747300475e-01 1.926562710266891187e+00 4.609216731881131679e+00 1.102734874304188928e+01
1.179669282200905035e-02 2.822306984678099595e-02 6.752245596241798764e-02 1.615445124838781055e-01 3.864881562983855101e-01 9.246559518623785889e-01 2.212198783795172208e+00 5.292588501883364493e+00 1.266228571114772805e+01 3.029396284515248894e+01
1.363130357582425893e-02 3.261229555841260036e-02 7.802348584441576307e-02 1.866677656103661320e-01 4.465944368013709531e-01 1.068457590038547567e+00 2.556237892006549384e+00 6.115686969189246369e+00 1.463151267026727531e+01 3.500525191997726182e+01
3.628599570441339711e-03 8.681265221342292226e-03 2.076954604117996206e-02 4.969022737563539432e-02 1.188816882057413399e-01 2.844192215867533124e-01 6.804605051369758684e-01 1.627971894684469012e+00 3.894851310068375927e+00 9.318260823219889133e+00
4.348815269096173095e-03 1.040434967175368937e-02 2.489194996655241104e-02 5.955289784420626786e-02 1.424776944517406052e-01 3.408716309555426260e-01 8.155204169846312912e-01 1.951096806309258636e+00 4.667913479917116248e+00 1.116777813665191665e+01
