1.934938520163851858e-02 4.629255489464463580e-02 1.107529059110475972e-01 2.649714667003695290e-01 6.339326050887990061e-01 1.516655935822345480e+00 3.628532763893662416e+00 8.681105389608962497e+00 2.076916365077261872e+01 4.968931252336806637e+01
3.866351622032863228e-02 9.250076570381071672e-02 2.213040222992568029e-01 5.294601608234289492e-01 1.266710197974168173e+00 3.030548555638829633e+00 7.250454415518923668e+00 1.734639398326237725e+01 4.150048631138459854e+01 9.928809213853133997e+01
5.010420010827731224e-02 1.198720998002703875e-01 2.867887378597656634e-01 6.861294688275065834e-01 1.641534641516208870e+00 3.927299586625338179e+00 9.395891900801752072e+00 2.247925900845570624e+01 5.378064061444960942e+01 1.286678223607197253e+02
5.910465498591742362e-02 1.414052930856386781e-01 3.383059577523900852e-01 8.093821564476199049e-01 1.936411287368678513e+00 4.632779020365595635e+00 1.108372048414599753e+01 2.651731481916939259e+01 6.344151192054529531e+01 1.517810329670009253e+02
6.666311024616812519e-02 1.594885655724689599e-01 3.815693935436482720e-01 9.128880278449268415e-01 2.184044542050698645e+00 5.225230714134972310e+00 1.250113516013898973e+01 2.990841722439331463e+01 7.155457559731247841e+01 1.711911817498515802e+02
7.326180764661345546e-02 1.752756595012929797e-01 4.193393229089032448e-01 1.003250926215457861e+00 2.400233810581192895e+00 5.742454051041481655e+00 1.373856929393815030e+01 3.286892408135297927e+01 7.863745832271150960e+01 1.881366678188404364e+02
7.887160850253457922e-02 1.886968618477511128e-01 4.514489604969199599e-01 1.080071824926210455e+00 2.584024439253069794e+00 6.182165063988475318e+00 1.479055859450284238e+01 3.538576231354890211e+01 8.465888333496481266e+01 2.025426628940802516e+02
8.384066632376363515e-02 2.005851146044552447e-01 4.798910834691027527e-01 1.148118355877411512e+00 2.746822778147158139e+00 6.571652944945712171e+00 1.572239125596047238e+01 3.761513106008133889e+01 8.999255021914667907e+01 2.153032268320408491e+02
8.884202919033389045e-02 2.125506557643436212e-01 5.085181155538924802e-01 1.216607273765286434e+00 2.910679508371887714e+00 6.963672980711132610e+00 1.666028198666619531e+01 3.985899347141503313e+01 9.536089256027173633e+01 2.281467502789115542e+02
9.294799223323974013e-02 2.223739921431659161e-01 5.320200167164514937e-01 1.272834540852002316e+00 3.045200777190662844e+00 7.285509212529134082e+00 1.743026104663440634e+01 4.170113457976853510e+01 9.976813431464617565e+01 2.386908827524886192e+02
