2.869502748143625687e-02 6.865159389018921088e-02 1.642459254207888353e-01 3.929511681911070919e-01 9.401184241689065635e-01 2.249192070175970670e+00 5.381093315998664472e+00 1.287402959464465368e+01 3.080055079346397306e+01 7.368896600761148363e+01
6.207409027785173311e-02 1.485095366998659405e-01 3.553025488104200047e-01 8.500457546124363661e-01 2.033697161345652926e+00 4.865531204200933324e+00 1.164056986901086610e+01 2.784955253361228600e+01 6.662883218348270020e+01 1.594065568118798808e+02
7.461220281872603388e-02 1.785064206848157864e-01 4.270687772497601120e-01 1.021743306497879811e+00 2.444476018818598106e+00 5.848301592560110507e+00 1.399180489161488516e+01 3.347477913486319068e+01 8.008693994864164267e+01 1.916044889944438410e+02
8.731707852078185450e-02 2.089022782140385615e-01 4.997895323837366344e-01 1.195724521608246604e+00 2.860718440332415291e+00 6.844143318103738771e+00 1.637431251476160199e+01 3.917482406042956455e+01 9.372404727112015621e+01 2.242306697620135765e+02
9.681511014320559605e-02 2.316259020237960431e-01 5.541548050606883713e-01 1.325791050520338077e+00 3.171896902432028043e+00 7.588624131765842940e+00 1.815545018788747456e+01 4.343611777332318979e+01 1.039190054607802409e+02 2.486216597973704268e+02
1.063067649281518867e-01 2.543342695297535205e-01 6.084835777003627655e-01 1.455770254695146981e+00 3.482866443930174860e+00 8.332605112057988705e+00 1.993539203161226681e+01 4.769455051685694258e+01 1.141071189068082248e+02 2.202995784729547495e+02
1.143980771566332627e-01 2.736923789272017182e-01 6.547970048505971086e-01 1.566573096561657108e+00 3.747957380212413980e+00 8.966823542878158193e+00 2.145273179295269017e+01 5.132471930329106868e+01 1.227921384085439627e+02 2.391905386327660779e+02
1.223314282419035171e-01 2.926725732220706866e-01 7.002062867037404104e-01 1.675212810485746884e+00 4.007873127827151549e+00 9.588660561938530336e+00 2.294044957004965113e+01 5.488401879246386983e+01 1.313076062268733892e+02 2.594348604583477140e+02
1.297242176424427129e-01 3.103594974102369952e-01 7.425214765852655718e-01 1.776450045160362645e+00 4.250078768715411570e+00 1.016812692791189576e+01 2.432679741918703087e+01 5.820079517788774126e+01 1.392428481632680075e+02 2.768562714372563391e+02
1.365174718694442957e-01 3.266120600079425729e-01 7.814050193124640886e-01 1.869477214625399286e+00 4.472642188910744387e+00 1.070060014292958783e+01 2.560071621708491563e+01 6.124858999247511804e+01 1.188585083417926995e+02 2.951053944103475146e+02
