1.000000000000000000e+08 1.000000000000000000e+00
1.072267222010325342e+08 1.171717171717171713e+00
1.149756995397735685e+08 1.343434343434343425e+00
1.232846739442068487e+08 1.515151515151515138e+00
1.321941148466028720e+08 1.686868686868686851e+00
1.417474162926807702e+08 1.858585858585858563e+00
1.519911082952933013e+08 2.030303030303030276e+00
1.629750834620646834e+08 2.202020202020201989e+00
1.747528400007683039e+08 2.373737373737373701e+00
1.873817422860386968e+08 2.545454545454545414e+00
2.009233002565045953e+08 2.717171717171717127e+00
2.154434690031886697e+08 2.888888888888888840e+00
2.310129700083158016e+08 3.060606060606060552e+00
2.477076355991714001e+08 3.232323232323232265e+00
2.656087782946684062e+08 3.404040404040403978e+00
2.848035868435804844e+08 3.575757575757575690e+00
3.053855508833412528e+08 3.747474747474747403e+00
3.274549162877731919e+08 3.919191919191919116e+00
3.511191734215127230e+08 4.090909090909090828e+00
3.764935806792471409e+08 4.262626262626262985e+00
4.037017258596549630e+08 4.434343434343434254e+00
4.328761281083061695e+08 4.606060606060605522e+00
4.641588833612772822e+08 4.777777777777777679e+00
4.977023564332113862e+08 4.949494949494949836e+00
5.336699231206301451e+08 5.121212121212121104e+00
5.722367659350219965e+08 5.292929292929292373e+00
6.135907273413163424e+08 5.464646464646464530e+00
6.579332246575682163e+08 5.636363636363636687e+00
7.054802310718630552e+08 5.808080808080807955e+00
7.564633275546290874e+08 5.979797979797979224e+00
8.111308307896889448e+08 6.151515151515151381e+00
8.697490026177834272e+08 6.323232323232323537e+00
9.326033468832180500e+08 6.494949494949494806e+00
1.000000000000000000e+09 6.666666666666666075e+00
1.072267222010325313e+09 6.838383838383838231e+00
1.149756995397735596e+09 7.010101010101010388e+00
1.232846739442063332e+09 7.181818181818181657e+00
1.321941148466028690e+09 7.353535353535352925e+00
1.417474162926807642e+09 7.525252525252525082e+00
1.519911082952933073e+09 7.696969696969697239e+00
1.629750834620646715e+09 7.868686868686868507e+00
1.747528400007683039e+09 8.040404040404039776e+00
1.873817422860386848e+09 8.212121212121211045e+00
2.009233002565045834e+09 8.383838383838384090e+00
2.154434690031886578e+09 8.555555555555555358e+00
2.310129700083158016e+09 8.727272727272726627e+00
2.477076355991714001e+09 8.898989898989899672e+00
2.656087782946683884e+09 9.070707070707070940e+00
2.848035868435804844e+09 9.242424242424242209e+00
3.053855508833412170e+09 9.414141414141413478e+00
3.274549162877731800e+09 9.585858585858584746e+00
3.511191734215127468e+09 9.757575757575757791e+00
3.764935806792471409e+09 9.929292929292929060e+00
4.037017258596549511e+09 1.010101010101010033e+01
4.328761281083061218e+09 1.027272727272727337e+01
4.641588833612772942e+09 1.044444444444444464e+01
4.977023564332114220e+09 1.061616161616161591e+01
5.336699231206301689e+09 1.078787878787878718e+01
5.722367659350219727e+09 1.095959595959595845e+01
6.135907273413163185e+09 1.113131313131313149e+01
6.579332246575682640e+09 1.130303030303030276e+01
7.054802310718630791e+09 1.147474747474747403e+01
7.564633275546290398e+09 1.164646464646464707e+01
8.111308307896888733e+09 1.181818181818181834e+01
8.697490026177833557e+09 1.198989898989898961e+01
9.326033468832180023e+09 1.216161616161616088e+01
1.000000000000000000e+10 1.233333333333333215e+01
1.072267222010325432e+10 1.250505050505050519e+01
1.149756995397735596e+10 1.267676767676767646e+01
1.232846739442063332e+10 1.284848484848484773e+01
1.321941148466028786e+10 1.302020202020202078e+01
1.417474162926807594e+10 1.319191919191919204e+01
1.519911082952933121e+10 1.336363636363636331e+01
1.629750834620646858e+10 1.353535353535353458e+01
1.747528400007682800e+10 1.370707070707070585e+01
1.873817422860386658e+10 1.387878787878787890e+01
2.009233002565045929e+10 1.405050505050505016e+01
2.154434690031886673e+10 1.422222222222222143e+01
2.310129700083158112e+10 1.439393939393939448e+01
2.477076355991714096e+10 1.456565656565656575e+01
2.656087782946683884e+10 1.473737373737373701e+01
2.848035868435804749e+10 1.490909090909090828e+01
3.053855508833412552e+10 1.508080808080807955e+01
3.274549162877731705e+10 1.525252525252525260e+01
3.511191734215127563e+10 1.542424242424242387e+01
3.764935806792471313e+10 1.559595959595959513e+01
4.037017258596549988e+10 1.576767676767676818e+01
4.328761281083061218e+10 1.593939393939393945e+01
4.641588833612791443e+10 1.611111111111111072e+01
4.977023564332113647e+10 1.628282828282828376e+01
5.336699231206301880e+10 1.645454545454545325e+01
5.722367659350220490e+10 1.662626262626262630e+01
6.135907273413188171e+10 1.679797979797979934e+01
6.579332246575682068e+10 1.696969696969696884e+01
7.054802310718630981e+10 1.714141414141414188e+01
7.564633275546290588e+10 1.731313131313131137e+01
8.111308307896888733e+10 1.748484848484848442e+01
8.697490026177835083e+10 1.765656565656565746e+01
9.326033468832180786e+10 1.782828282828282696e+01
1.000000000000000000e+11 1.800000000000000000e+01
