2.725944430493054509e-03 6.521702414486255962e-03 1.560288680405080147e-02 3.732922190366459725e-02 8.930852511031880936e-02 2.136667267794667702e-01 5.111882664757693151e-01 1.222995492659058270e+00 2.925963041710915924e+00 7.000238163465471786e+00
1.987770493125633892e-03 4.755653666101031414e-03 1.137769268138077473e-02 2.722063039928599923e-02 6.512416357906156139e-02 1.558067032122659734e-01 3.727606994353830916e-01 8.918136137843468703e-01 2.133624931318608642e+00 5.104604008259917336e+00
2.223243040797035636e-03 5.319011402053134066e-03 1.272550134016322589e-02 3.044520346318264556e-02 7.283881311529527558e-02 1.742636636493758717e-01 4.169181672473754041e-01 9.974584175542390296e-01 2.386375487829187847e+00 5.709298622067447759e+00
4.760026646820828336e-03 1.138815484583276597e-02 2.724566066857691052e-02 6.518404739981877027e-02 1.559499726252647211e-01 3.731034652182131928e-01 8.926336658765606780e-01 2.135586869959019918e+00 5.109297860352099541e+00 1.222377089549135043e+01
5.343257798572842096e-03 1.278350977971772287e-02 3.058398610895900205e-02 7.317084450446217914e-02 1.750580341758604108e-01 4.188186638688808916e-01 1.002005272312738837e+00 2.397253638287839994e+00 5.735324119622621453e+00 1.372151124593492000e+01
5.028216819278157751e-03 1.202978806318345285e-02 2.878073998127356897e-02 6.885665728432434352e-02 1.647365305914936240e-01 3.941249195304764585e-01 9.429265727350847337e-01 2.255910442377347724e+00 5.397166726636466905e+00 1.291248452417035075e+01
2.848925916422329931e-03 6.815930222195818594e-03 1.630681392101018118e-02 3.901333663723823009e-02 9.333769569844867220e-02 2.233063405804826818e-01 5.342506194340904679e-01 1.278171159957900871e+00 3.057968404189514100e+00 7.316055199781978935e+00
1.024360012756925231e-02 2.450736373702110116e-02 5.863279216866289917e-02 1.402763820043373966e-01 3.356050875357030061e-01 8.029204429892090600e-01 1.920951921509259419e+00 4.595793166023188547e+00 1.099523345085637338e+01 2.630561347551753215e+01
2.691374160649720806e-03 6.438994561096181637e-03 1.540501189467362829e-02 3.685581486725705846e-02 8.817591955246618929e-02 2.109570176897726801e-01 5.047054064016126551e-01 1.207485534449544540e+00 2.888856147391257512e+00 6.911461547342438116e+00
9.653533046613222562e-03 2.309565414252883267e-02 5.525533892054648039e-02 1.321959733369195977e-01 3.162730644295670968e-01 7.566694261460720217e-01 1.810298393563433583e+00 4.331059456743140856e+00 1.036186966996106484e+01 2.479031842661370888e+01
