6.102792493232810089e-02 1.460066320245057003e-01 3.493144592213840438e-01 8.357195130742285372e-01 1.999422257211476150e+00 4.783530000307091967e+00 1.144438558754019830e+01 2.738019025027326236e+01 6.550590351983153425e+01 1.567199992668660684e+02
6.105062000964700530e-02 1.460609290009561301e-01 3.494443623545716027e-01 8.360303006192282282e-01 2.000165802773132828e+00 4.785308900430840673e+00 1.144864152801440937e+01 2.739037240107431970e+01 6.553026386875174580e+01 1.567782803325376335e+02
7.207273989697079997e-02 1.724308670957377387e-01 4.125332819300465692e-01 9.869677718751201922e-01 2.361277078452348910e+00 5.649251779145124885e+00 1.351558694886073120e+01 3.233544860694054535e+01 7.736114166319858043e+01 1.850831362255757426e+02
7.424383937816611545e-02 1.776251273199053737e-01 4.249603215521627342e-01 1.016698918776677507e+00 2.432407542582265769e+00 5.819428292822514059e+00 1.392272678917579398e+01 3.330951280645764001e+01 7.969154751109263657e+01 1.906585299404779050e+02
7.598086141147133987e-02 1.817808763006626416e-01 4.349027686023035355e-01 1.040485786992871198e+00 2.489316580838250026e+00 5.955580669242384495e+00 1.424846537434383720e+01 3.408882807555045247e+01 8.155602509003188061e+01 1.951192107204321360e+02
7.912715617712490213e-02 1.893082484438053381e-01 4.529116760956198307e-01 1.083571307800856642e+00 2.592396798446358730e+00 6.202195565914717434e+00 1.483848069126844571e+01 3.550041382686934810e+01 8.493318204879120970e+01 2.031989105285665289e+02
9.448565924315371900e-02 2.260527929796958269e-01 5.408213862636919167e-01 1.293891431221789068e+00 3.095578463261604796e+00 7.406035615492405633e+00 1.771861517609578129e+01 4.239100917930143453e+01 1.014186290170098061e+02 2.426396188914548873e+02
9.448589062459088195e-02 2.260533465496294137e-01 5.408227106554631680e-01 1.293894599770977205e+00 3.095586043876476623e+00 7.406053751780791394e+00 1.771865856636978265e+01 4.239111298862768962e+01 1.014188773762669058e+02 2.426402130800775865e+02
9.487168148637831200e-02 2.269763342549769858e-01 5.430309182326872319e-01 1.299177639486304159e+00 3.108225484534862471e+00 7.436293058839828163e+00 1.779100478137448249e+01 4.256419813291646648e+01 1.018329759876665719e+02 2.436309258340100143e+02
9.543803340824945358e-02 2.283313063721627845e-01 5.462726295564259704e-01 1.306933291557051069e+00 3.126780541736288388e+00 7.480685218855202656e+00 1.789721107594086291e+01 4.281829203151509944e+01 1.024408844884635528e+02 2.450853202424526387e+02
9.671575351085545669e-02 2.313881956414337582e-01 5.535861029732761507e-01 1.324430455735238654e+00 3.168641739122072032e+00 7.580836296408448582e+00 1.813681813358519790e+01 4.339154140112325564e+01 1.038123584466469396e+02 2.483665114965501459e+02
9.620084298106749976e-02 2.301562947971619311e-01 5.506388342686672210e-01 1.317379244708346331e+00 3.151772026201761889e+00 7.540476248619736310e+00 1.804025849056092312e+01 4.316052669296962563e+01 1.032596658960967204e+02 2.470442188257711109e+02
