3.590744154008275180e-01 8.590697798913859984e-01 2.055286745781703228e+00 4.917183337446718205e+00 1.176414533090738068e+01 2.814520140275502413e+01 6.733615912755379895e+01 1.610988054826077018e+02 3.854218218589071512e+02 9.221047935149135810e+02
2.485899798928805082e-01 5.947406168478823751e-01 1.422890824002717158e+00 3.404203849001572912e+00 8.144408306012799414e+00 1.948513943267655080e+01 4.661734093446030869e+01 1.115299422571899157e+02 2.668304920561664062e+02 6.383802416641707396e+02
1.900982199180852039e-01 4.548016481777926723e-01 1.088092983060902075e+00 2.603214708060027860e+00 6.228076939892145170e+00 1.490040074263501779e+01 3.564855483223437460e+01 8.528760290255704035e+01 2.040468468664803368e+02 4.881731259784838244e+02
1.538890351717832616e-01 3.681727628105940786e-01 8.808371767635873040e-01 2.107364287477165199e+00 5.041776570388878831e+00 1.206222917260929961e+01 2.885835391180877707e+01 6.904234520683189658e+01 1.651807807966745258e+02 3.951877686492487669e+02
1.292667895442978776e-01 3.092651207608988484e-01 7.399032284814128779e-01 1.770186001480817950e+00 4.235092319126656513e+00 1.013227250499180521e+01 2.424101728591936222e+01 5.799556997373876044e+01 1.387518558692065369e+02 3.319577256653687982e+02
1.114368875381878538e-01 2.666078627249128807e-01 6.378476107598389788e-01 1.526022415069671290e+00 3.650941654419532334e+00 8.734717676717076884e+00 2.089742869475807652e+01 4.999618101184377394e+01 1.196136688527643059e+02 2.861704531598007861e+02
9.792938601840744939e-02 2.342917581521960224e-01 5.605327488495550625e-01 1.341050001121831370e+00 3.208403272065647460e+00 7.675964018933184363e+00 1.836440703478738712e+01 4.393603785889298763e+01 1.051150423251564376e+02 2.514831255040671749e+02
8.734242536776881671e-02 2.089629194330397122e-01 4.999346138387923966e-01 1.196071622622173924e+00 2.861548864274766846e+00 6.846130070940407819e+00 1.637906573372929486e+01 3.918619592820185460e+01 9.375125396568007830e+01 2.242957605847086029e+02
7.882121313676697383e-02 1.885762931468895065e-01 4.511605051715931181e-01 1.079381708220010561e+00 2.582373365321131153e+00 6.178214942068172455e+00 1.478110810117033758e+01 3.536315242301142803e+01 8.460479016415030173e+01 2.024132473569321462e+02
7.181488308016552302e-02 1.718139559782772274e-01 4.110573491563407345e-01 9.834366674893437743e-01 2.352829066181477025e+00 5.629040280551006248e+00 1.346723182551076370e+01 3.221976109652155174e+01 7.708436437178144729e+01 1.844209587029827730e+02
