2.408744405451743731e-01 5.762815275758763622e-01 1.378728263046665514e+00 3.298546860108045209e+00 7.891628597128701017e+00 1.888037507309480745e+01 4.517046874588597660e+01 1.080683640459380257e+02 2.585488181064993114e+02 6.185667002033263770e+02
2.539039540805204664e-01 6.074540668736339022e-01 1.453307195225074233e+00 3.476973682246074393e+00 8.318506938348670943e+00 1.990166276974921189e+01 4.761385473814973324e+01 1.139140577978044888e+02 2.725343838537067995e+02 6.520265524590166706e+02
2.662967136250376510e-01 6.371032001940101219e-01 1.524241445461403499e+00 3.646680762794435537e+00 8.724523680504884027e+00 2.087304000621145406e+01 4.993783214485973332e+01 1.194740717493033770e+02 2.858364732163681765e+02 6.838512174608961232e+02
2.781378461793138079e-01 6.654325901498818752e-01 1.592018267618674709e+00 3.808833835235948762e+00 9.112467789793607054e+00 2.180117926170477105e+01 5.215836457971768425e+01 1.247865981456095597e+02 2.985464594648938714e+02 7.142593017482578261e+02
2.894950487781094428e-01 6.926041989258456821e-01 1.657025149115385121e+00 3.964359946213432906e+00 9.484557184621825954e+00 2.269138680867849445e+01 5.428814706667848355e+01 1.298820092743794987e+02 3.107370069645318154e+02 7.434246516258847350e+02
3.004232099169639736e-01 7.187493448385493533e-01 1.719576263260853333e+00 4.114010741581084929e+00 9.842590144707690669e+00 2.354796495243591892e+01 5.633747268236189143e+01 1.347849308696864341e+02 3.224670317032849880e+02 7.714882210093858248e+02
3.109675655861629529e-01 7.439762530094463644e-01 1.779930533908404389e+00 4.258405685294407661e+00 1.018804871037788473e+01 2.437445940941526956e+01 5.831482439773299831e+01 1.395156580672660880e+02 3.337850889026940990e+02 7.985661761353195516e+02
3.211659207268990901e-01 7.683753701011682979e-01 1.838304350728886982e+00 4.398062480144059094e+00 1.052217146283826565e+01 2.517383343079306712e+01 6.022729166118129029e+01 1.440911520612506536e+02 3.447317574753323015e+02 8.247556002711015708e+02
3.310502536264382512e-01 7.920232027625446758e-01 1.894880752521923339e+00 4.533419038424982617e+00 1.084600608803551225e+01 2.594859355921620292e+01 6.208087126598304195e+01 1.485257599163680595e+02 3.553413621439013355e+02 8.501386138093622549e+02
3.406479006480172544e-01 8.149851520428890161e-01 1.949816208427694209e+00 4.664849705687984738e+00 1.116044819127076870e+01 2.670088249106158429e+01 6.388068951918194927e+01 1.528317460972384936e+02 3.656432451017456629e+02 8.747854166599163364e+02
3.499824481394370190e-01 8.373176472441642426e-01 2.003245723074592366e+00 4.792677474581453545e+00 1.146627051827988453e+01 2.743254898658820196e+01 6.563116949855978532e+01 1.570196926233360273e+02 3.756627233660364595e+02 8.987565786752397798e+02
3.590744154008275180e-01 8.590697798913859984e-01 2.055286745781703228e+00 4.917183337446718205e+00 1.176414533090738068e+01 2.814520140275502413e+01 6.733615912755379895e+01 1.610988054826077018e+02 3.854218218589071512e+02 9.221047935149135810e+02
