1.000000000000000000e+08 -8.499999999999999778e-01
1.072267222010325342e+08 -8.328282828282828065e-01
1.149756995397735685e+08 -8.156565656565656353e-01
1.232846739442068487e+08 -7.984848484848484640e-01
1.321941148466028720e+08 -7.813131313131312927e-01
1.417474162926807702e+08 -7.641414141414141215e-01
1.519911082952933013e+08 -7.469696969696969502e-01
1.629750834620646834e+08 -7.297979797979797789e-01
1.747528400007683039e+08 -7.126262626262626076e-01
1.873817422860386968e+08 -6.954545454545454364e-01
2.009233002565045953e+08 -6.782828282828282651e-01
2.154434690031886697e+08 -6.611111111111110938e-01
2.310129700083158016e+08 -6.439393939393939226e-01
2.477076355991714001e+08 -6.267676767676767513e-01
2.656087782946684062e+08 -6.095959595959595800e-01
2.848035868435804844e+08 -5.924242424242424088e-01
3.053855508833412528e+08 -5.752525252525252375e-01
3.274549162877731919e+08 -5.580808080808080662e-01
3.511191734215127230e+08 -5.409090909090908950e-01
3.764935806792471409e+08 -5.237373737373737237e-01
4.037017258596549630e+08 -5.065656565656565524e-01
4.328761281083061695e+08 -4.893939393939393812e-01
4.641588833612772822e+08 -4.722222222222222099e-01
4.977023564332113862e+08 -4.550505050505050386e-01
5.336699231206301451e+08 -4.378787878787878673e-01
5.722367659350219965e+08 -4.207070707070706961e-01
6.135907273413163424e+08 -4.035353535353535248e-01
6.579332246575682163e+08 -3.863636363636363535e-01
7.054802310718630552e+08 -3.691919191919191823e-01
7.564633275546290874e+08 -3.520202020202020110e-01
8.111308307896889448e+08 -3.348484848484848397e-01
8.697490026177834272e+08 -3.176767676767676685e-01
9.326033468832180500e+08 -3.005050505050504972e-01
1.000000000000000000e+09 -2.833333333333333259e-01
1.072267222010325313e+09 -2.661616161616161547e-01
1.149756995397735596e+09 -2.489898989898989834e-01
1.232846739442063332e+09 -2.318181818181818121e-01
1.321941148466028690e+09 -2.146464646464646409e-01
1.417474162926807642e+09 -1.974747474747474696e-01
1.519911082952933073e+09 -1.803030303030302983e-01
1.629750834620646715e+09 -1.631313131313131271e-01
1.747528400007683039e+09 -1.459595959595959558e-01
1.873817422860386848e+09 -1.287878787878787845e-01
2.009233002565045834e+09 -1.116161616161616132e-01
2.154434690031886578e+09 -9.444444444444444198e-02
2.310129700083158016e+09 -7.727272727272727071e-02
2.477076355991714001e+09 -6.010101010101009944e-02
2.656087782946683884e+09 -4.292929292929292817e-02
2.848035868435804844e+09 -2.575757575757575690e-02
3.053855508833412170e+09 -8.585858585858585634e-03
3.274549162877731800e+09 8.585858585858585634e-03
3.511191734215127468e+09 2.575757575757575690e-02
3.764935806792471409e+09 4.292929292929292817e-02
4.037017258596549511e+09 6.010101010101009944e-02
4.328761281083061218e+09 7.727272727272727071e-02
4.641588833612772942e+09 9.444444444444444198e-02
4.977023564332114220e+09 1.116161616161616132e-01
5.336699231206301689e+09 1.287878787878787845e-01
5.722367659350219727e+09 1.459595959595959558e-01
6.135907273413163185e+09 1.631313131313131271e-01
6.579332246575682640e+09 1.803030303030302983e-01
7.054802310718630791e+09 1.974747474747474696e-01
7.564633275546290398e+09 2.146464646464646409e-01
8.111308307896888733e+09 2.318181818181818121e-01
8.697490026177833557e+09 2.489898989898989834e-01
9.326033468832180023e+09 2.661616161616161547e-01
1.000000000000000000e+10 2.833333333333333259e-01
1.072267222010325432e+10 3.005050505050504972e-01
1.149756995397735596e+10 3.176767676767676685e-01
1.232846739442063332e+10 3.348484848484848397e-01
1.321941148466028786e+10 3.520202020202020110e-01
1.417474162926807594e+10 3.691919191919191823e-01
1.519911082952933121e+10 3.863636363636363535e-01
1.629750834620646858e+10 4.035353535353535248e-01
1.747528400007682800e+10 4.207070707070706961e-01
1.873817422860386658e+10 4.378787878787878673e-01
2.009233002565045929e+10 4.550505050505050386e-01
2.154434690031886673e+10 4.722222222222222099e-01
2.310129700083158112e+10 4.893939393939393812e-01
2.477076355991714096e+10 5.065656565656565524e-01
2.656087782946683884e+10 5.237373737373737237e-01
2.848035868435804749e+10 5.409090909090908950e-01
3.053855508833412552e+10 5.580808080808080662e-01
3.274549162877731705e+10 5.752525252525252375e-01
3.511191734215127563e+10 5.924242424242424088e-01
3.764935806792471313e+10 6.095959595959595800e-01
4.037017258596549988e+10 6.267676767676767513e-01
4.328761281083061218e+10 6.439393939393939226e-01
4.641588833612791443e+10 6.611111111111110938e-01
4.977023564332113647e+10 6.782828282828282651e-01
5.336699231206301880e+10 6.954545454545454364e-01
5.722367659350220490e+10 7.126262626262626076e-01
6.135907273413188171e+10 7.297979797979797789e-01
6.579332246575682068e+10 7.469696969696969502e-01
7.054802310718630981e+10 7.641414141414141215e-01
7.564633275546290588e+10 7.813131313131312927e-01
8.111308307896888733e+10 7.984848484848484640e-01
8.697490026177835083e+10 8.156565656565656353e-01
9.326033468832180786e+10 8.328282828282828065e-01
1.000000000000000000e+11 8.499999999999999778e-01
