1.883506925898041249e-03 1.036830972870779466e-02 5.707536571927425417e-02 3.141878914910561926e-01 1.729538302831410190e+00 9.520744821721077500e+00 5.240969905779822824e+01 2.885043772061141567e+02 1.588155955165764681e+03 8.742464715280684686e+03
2.663681039428665402e-03 1.466300423722346515e-02 8.071675627760205307e-02 4.443287772800579294e-01 2.445936524507924759e+00 1.346436645077135985e+01 7.411850720743065324e+01 4.080068030488897648e+02 2.245991690959020616e+03 1.236371216891817858e+04
3.262329692063273452e-03 1.795843923873257156e-02 9.885743328635791805e-02 5.441893911854462917e-01 2.995648214140447241e+00 1.649041375711918889e+01 9.077626157750117386e+01 4.997042395270056545e+02 2.750766804690182198e+03 1.514239307024431218e+04
3.767013851796078595e-03 2.073661945741556850e-02 1.141507314385483834e-01 6.283757829821118301e-01 3.459076605662816828e+00 1.904148964344213724e+01 1.048193981155963428e+02 5.770087544122277450e+02 3.176311910331525723e+03 1.748492943056135118e+04
4.211649522399675202e-03 2.318424536516300663e-02 1.276243975889582716e-01 7.025454830813286922e-01 3.867365214820646102e+00 2.128903261779742451e+01 1.171916497735433893e+02 6.451153992391114116e+02 3.551224674621754275e+03 1.954874539426093179e+04
4.613630895448321903e-03 2.539706833046874793e-02 1.398055228949607320e-01 7.696000175140154109e-01 4.236486332536160582e+00 2.332096678446180960e+01 1.283770202644297740e+02 7.066885127144246326e+02 3.890171722118556318e+03 2.141457764672386475e+04
4.983290918593973919e-03 2.743196905825236870e-02 1.510072236812606827e-01 8.312630258330804267e-01 4.575928232252626238e+00 2.518952309437992554e+01 1.386630299946701541e+02 7.633108342409489069e+02 4.201865700554854811e+03 2.313038748238976768e+04
5.327362078857329937e-03 2.932600847444692682e-02 1.614335125552040784e-01 8.886575545601157478e-01 4.891873049015849517e+00 2.692873290154271615e+01 1.482370144148612781e+02 8.160136060977794159e+02 4.491983381918041232e+03 2.472742433783635352e+04
5.650520777694125266e-03 3.110492918612339092e-02 1.712260971578228042e-01 9.425636744731689109e-01 5.188614908494232125e+00 2.856223446516323961e+01 1.572290971733947060e+02 8.655131316183426406e+02 4.764467865497294952e+03 2.622739414584205588e+04
5.956171874539800508e-03 3.278747422879915718e-02 1.804881539600012852e-01 9.935493503575748564e-01 5.469280337449307083e+00 3.010723865789237053e+01 1.657340205066232386e+02 9.123309468996869782e+02 5.022190097884075840e+03 2.764610086394244354e+04
6.246885763239540777e-03 3.438779308031537918e-02 1.892975728631459409e-01 1.042043349748730474e+00 5.736229611039866505e+00 3.157673829836796031e+01 1.738233071501598204e+02 9.568607695678444998e+02 5.267317411853338854e+03 2.899547520350730701e+04
6.278356419660144870e-03 3.456103242902602152e-02 1.902512190642477452e-01 1.047292971636855308e+00 5.765127676104707888e+00 3.173581607240362956e+01 1.746989968593276217e+02 9.616812573537149547e+02 5.293853183885888029e+03 2.914154905093564594e+04
