1.000000000000000000e+07 1.000000000000000021e-08
2.782559402207125723e+07 2.000000000000000042e-08
7.742636826811277866e+07 3.000000000000000394e-08
2.154434690031886697e+08 4.000000000000000084e-08
5.994842503189420700e+08 5.000000000000001097e-08
1.668100537200055838e+09 6.000000000000000787e-08
4.641588833612772942e+09 7.000000000000000477e-08
1.291549665014882660e+10 8.000000000000001491e-08
3.593813663804625702e+10 9.000000000000001181e-08
1.000000000000000000e+11 1.000000000000000087e-07
