5.963492531438836439e-03 2.143168094348179425e-02 7.702146781298574441e-02 2.768008034325972200e-01 9.947705095281687004e-01 3.575019849492207857e+00 1.284795518347788423e+01 4.617315689033212323e+01 1.659377221334707144e+02 5.963492531438838569e+02
6.198117487548406544e-03 2.227487931661792722e-02 8.005176564766020020e-02 2.876911291962479522e-01 1.033908311060860230e+00 3.715673815411667746e+00 1.335343932806754985e+01 4.798977271599505201e+01 1.724663009096218786e+02 6.198117487548408917e+02
6.746476845845443548e-03 2.424558067114096493e-02 8.713409910282333970e-02 3.131437159390338953e-01 1.125380165076257155e+00 4.044406614225741770e+00 1.453484375218631008e+01 5.223552007787226614e+01 1.877247257917987042e+02 6.746476845845446633e+02
6.357505720064674827e-03 2.284769092448456565e-02 8.211034383079721111e-02 2.950892755988158145e-01 1.060495870689235787e+00 3.811224550491343788e+00 1.369683086538346828e+01 4.922385791483586104e+01 1.769013731595150603e+02 6.357505720064677917e+02
6.100304880331181186e-03 2.192335903230830871e-02 7.878846724680381441e-02 2.831510701417876974e-01 1.017592184796460852e+00 3.657036697902308564e+00 1.314270845395629728e+01 4.723244522122853795e+01 1.697446070109550647e+02 6.100304880331184449e+02
6.259675369013594989e-03 2.249610687214239138e-02 8.084681625951410655e-02 2.905483929485447314e-01 1.044176784574958106e+00 3.752576795833048706e+00 1.348606176334102358e+01 4.846639303600790072e+01 1.741791855281310006e+02 6.259675369013598356e+02
6.814518522917595821e-03 2.449010977991104843e-02 8.801289115511923278e-02 3.163019308242178140e-01 1.136730200883862230e+00 4.085196527995784699e+00 1.468143510163850252e+01 5.276234207252911546e+01 1.896180258745893070e+02 6.814518522917599057e+02
5.790814796164947369e-03 2.081110933901965040e-02 7.479124910150054817e-02 2.687858129539889562e-01 9.659661272308821545e-01 3.471502266814768145e+00 1.247593228040767599e+01 4.483617589803014880e+01 1.611328615750887820e+02 5.790814796164950167e+02
6.206734288217521239e-03 2.230584649260087746e-02 8.016305590783716351e-02 2.880910856539202758e-01 1.035345680043369798e+00 3.720839451700939993e+00 1.337200366234618265e+01 4.805648947418503525e+01 1.727060685068097712e+02 6.206734288217523954e+02
6.207688402660071353e-03 2.230927540212134311e-02 8.017537876972377631e-02 2.881353717233455236e-01 1.035504835924786482e+00 3.721411428282250355e+00 1.337405923959947174e+01 4.806387683580491199e+01 1.727326173079387672e+02 6.207688402660073734e+02
