1.074644614353494343e-01 3.862072498797651798e-01 1.387956891678301385e+00 4.988058442085292477e+00 1.792615258502218012e+01 6.442325209949908071e+01 2.315251636619103692e+02 9.092200291305211977e+02 2.321055792446614305e+03 5.308607547729955513e+03
7.934297902161142890e-02 2.851438821348317720e-01 1.024753979766449552e+00 3.682774854522847363e+00 1.323520659290033308e+01 4.756486629684209788e+01 1.709392664146316463e+02 5.529925176059357455e+02 1.677301034087120115e+03 4.072619691351655547e+03
6.006711382456797477e-02 2.158700144080407668e-01 7.757966073853148625e-01 2.788068447954626272e+00 1.001979848388191563e+01 3.600928869994356063e+01 1.294106737537429694e+02 3.907799305607421729e+02 1.320228443171771232e+03 3.407751834186466567e+03
4.759222822370055839e-02 1.710376000812437181e-01 6.146772641963220707e-01 2.209035550898795552e+00 7.938862146650288665e+00 2.853079125769301783e+01 1.025343474610549777e+02 3.002882051466476696e+02 1.083557213567482677e+03 2.964344169135179527e+03
3.916796393353774025e-02 1.407623639677551275e-01 5.058737069767560435e-01 1.818015840292569019e+00 6.533610167856697792e+00 2.348057749521614568e+01 8.438482023633137885e+01 2.432244220555743368e+02 9.149991320603290887e+02 2.635909834745473290e+03
3.318361645764818235e-02 1.192557342399484521e-01 4.285828871985779553e-01 1.540247036087091015e+00 5.535360843924377328e+00 1.989305543498445417e+01 7.149193443707018503e+01 2.041536394249069417e+02 7.894753634316701891e+02 2.377676262806090108e+03
2.874346669768395451e-02 1.032986633632501233e-01 3.712361478476009502e-01 1.334153540632906809e+00 4.794699223939871580e+00 1.723125558482847808e+01 6.192592176526650150e+01 1.757959134863131965e+02 6.928453527478084197e+02 2.166908505829256228e+03
2.533040941740555274e-02 9.103277147403771030e-02 3.271548179773992593e-01 1.175733455026696461e+00 4.225366955667173130e+00 1.518518149986518218e+01 5.457271276156883744e+01 1.543054461248886753e+02 6.164544917232959733e+02 1.990493849519061769e+03
2.263061753484253702e-02 8.133022251705390726e-02 2.922856649620576563e-01 1.050420216474867274e+00 3.775014526703999618e+00 1.356669878712973443e+01 4.875618747390859653e+01 1.374704500831220741e+02 5.547204877831751446e+02 1.840142743698867889e+03
2.044444988418139472e-02 7.347354334274021348e-02 2.640502239932799866e-01 9.489473029177247776e-01 3.410339783456274532e+00 1.225612571200161938e+01 4.404623204909872669e+01 1.239326149038206353e+02 5.038982147458035570e+02 1.710245046478642280e+03
