4.257948192060974342e-06 2.343910981003177177e-05 1.290273727874564587e-04 7.102685666546949654e-04 3.909879166560524706e-03 2.152306298602674195e-02 1.184799377593007130e-01 6.522071538126902324e-01 3.590263292918200122e+00 1.976364478237194788e+01
1.859613303816725377e-05 1.023678036140182840e-04 5.635132419869475938e-04 3.102021951081064110e-03 1.707597882005343695e-02 9.399967416777697815e-02 5.174484483004674340e-01 2.848444944294784342e+00 1.568009069758996432e+01 8.631560345833484860e+01
3.835299608831498151e-05 2.111251819676580866e-04 1.162199749877091239e-03 6.397665337815014973e-03 3.521780294567113112e-02 1.938666027103741474e-01 1.067194898683537563e+00 5.874683601267958188e+00 3.233889841263262355e+01 1.780188383791175113e+02
6.078883227473507275e-06 3.346297443373672930e-05 1.842066406033455615e-04 1.014018837732501201e-03 5.581960562922818128e-03 3.072751961462575135e-02 1.691485367952557106e-01 9.311271413641056816e-01 5.125659197598268157e+00 2.821567650947705985e+01
3.248682792254942690e-05 1.788331592375885153e-04 9.844389522775832003e-04 5.419129510953071480e-03 2.983116889934056895e-02 1.642143145134892235e-01 9.039652848377469629e-01 4.976138886629548175e+00 2.739259862558914449e+01 1.507904977248053342e+02
4.024094588357357522e-05 2.215179487583394838e-04 1.219409746581847850e-03 6.712594344582776054e-03 3.695142093232419572e-02 2.034098053340158974e-01 1.119728223220455510e+00 6.163868510751522756e+00 3.393080055494321101e+01 1.867819250672113469e+02
1.827091853715800940e-05 1.005775661434959577e-04 5.536583610055761853e-04 3.047772902697186773e-03 1.677734921142403843e-02 9.235578094187016363e-02 5.083991616252937495e-01 2.798630523236930401e+00 1.540587278026649365e+01 8.480609146192138326e+01
9.595668679205518014e-06 5.282213914484375580e-05 2.907747731936332421e-04 1.600654007857654597e-03 8.811263868357030113e-03 4.850415553685227116e-02 2.670051810378769042e-01 1.469807399221776834e+00 8.090980790745867068e+00 4.453914859244824243e+01
2.005165522076046575e-05 1.103801472898642213e-04 6.076195097907755634e-04 3.344817684550098827e-03 1.841251829904445164e-02 1.013570430695224650e-01 5.579492176434250883e-01 3.071393166584183376e+00 1.690737379932803464e+01 9.307153896813520078e+01
1.610088531527597568e-05 8.863198938097304890e-05 4.879004717942908510e-04 2.685789544380846883e-03 1.478470690995113516e-02 8.138670391002150728e-02 4.480166981787971903e-01 2.466237753883480543e+00 1.357612045132493428e+01 7.473368949066498601e+01
