1.066860714422144911e-04 5.872843987151900791e-04 3.232877172359616049e-03 1.779630930845222878e-02 9.796494209860240332e-02 5.392764147914859141e-01 2.968603311760743768e+00 1.634153725414506653e+01 8.995672772130014039e+01 4.951928779081981702e+02
2.412410706303928949e-04 1.327981386842209087e-03 7.310258403310108434e-03 4.024143595132767537e-02 2.215206464783172624e-01 1.219424596963278207e+00 6.712676092811115325e+00 3.695187093913838083e+01 2.034122825269414250e+02 1.119741859646823741e+03
3.165330361531354169e-04 1.742447831265170463e-03 9.591809062267515548e-03 5.280089276486121808e-02 2.906578163376513646e-01 1.600010184948876368e+00 8.807719758570730306e+00 4.848464595742302663e+01 2.668977849038792556e+02 1.469216206077943980e+03
3.775167790817990148e-04 2.078150517783726014e-03 1.143978178948439409e-02 6.297359419883864773e-02 3.466563995097620143e-01 1.908270614849028268e+00 1.050462863125007829e+01 5.782577262460698364e+01 3.183187237752758278e+02 1.752277666287541479e+03
4.294006741415587946e-04 2.363760454500508749e-03 1.301200445814504336e-02 7.162834952096035213e-02 3.942990083964561521e-01 2.170533162668121019e+00 1.194832883146670000e+01 6.577303877235762286e+01 3.620667534657243891e+02 1.993101374241259691e+03
4.757790064746426667e-04 2.619063425632979416e-03 1.441739365155016335e-02 7.936472162888637272e-02 4.368861107259408016e-01 2.404966209517543696e+00 1.323883347838778946e+01 7.287699559971832741e+01 4.011725426044213236e+02 2.208370523720084293e+03
5.180104577244792593e-04 2.851538688044004399e-03 1.569712110664878493e-02 8.640935228054545669e-02 4.756653217372964204e-01 2.618437615049510114e+00 1.441394869582863514e+01 7.934575787174196648e+01 4.367817192288939054e+02 2.404391556268588829e+03
5.573389596320105699e-04 3.068033824502787617e-03 1.688888132727726574e-02 9.296974179646810832e-02 5.117788870801061041e-01 2.817235201473911932e+00 1.550828762340385047e+01 8.536986364659696847e+01 4.699431552997559720e+02 2.586938291565304553e+03
5.945157997753486995e-04 3.272684515212089234e-03 1.801544036366430762e-02 9.917121249791843729e-02 5.459166797911610969e-01 3.005156574852392293e+00 1.654275528425581854e+01 9.106439068261045122e+01 5.012903296881576125e+02 2.759497897643630495e+03
6.278356419660129908e-04 3.456103242902594172e-03 1.902512190642472942e-02 1.047292971636852865e-01 5.765127676104694343e-01 3.173581607240355318e+00 1.746989968593272025e+01 9.616812573537126241e+01 5.293853183885876206e+02 2.914154905093557772e+03
