2.051397757638823583e-03 7.372341291300596629e-03 2.649482086690700677e-02 9.521744925154662642e-02 3.421937701528325881e-01 1.229780646844064407e+00 4.419602492110700886e+00 1.588322782473235328e+01 5.708136118184510366e+01 2.051397757638824260e+02
3.887385223726904336e-03 1.397053813350199354e-02 5.020751083488281252e-02 1.804364384640212426e-01 6.484549380002435637e-01 2.330426216546847673e+00 8.375117579514599342e+00 3.009861199322978109e+01 1.081688030428232423e+02 3.887385223726905679e+02
5.519522930726137450e-03 1.983613692612660670e-02 7.128737992221297060e-02 2.561935600212813524e-01 9.207119165832335916e-01 3.308867066244556288e+00 1.189145167438284112e+01 4.273566150986929557e+01 1.535840042658981019e+02 5.519522930726139975e+02
7.158907859836615914e-03 2.572778088459923979e-02 9.246085048244380433e-02 3.322870678308041392e-01 1.194177804675921051e+00 4.291652511456519825e+00 1.542339943597391638e+01 5.542882363531941792e+01 1.992008637492282332e+02 7.158907859836618854e+02
8.897320172879551181e-03 3.197531080853916602e-02 1.149133088881272857e-01 4.129770196351547074e-01 1.484162456002133590e+00 5.333803313686278358e+00 1.916869522877218301e+01 6.888871883046776645e+01 2.475732190149306859e+02 8.897320172879555003e+02
1.021257565298144300e-02 3.670209392432326884e-02 1.319004866354731298e-01 4.740257711330442825e-01 1.703560293293462813e+00 6.122278259153038249e+00 2.200232726135823924e+01 7.907226434736996623e+01 2.841709840395502624e+02 1.021257565298144641e+03
1.115527443462246276e-02 4.008997768663675326e-02 1.440759095918570931e-01 5.177819725162976505e-01 1.860811927700785962e+00 6.687411331541683879e+00 2.403331021877644602e+01 8.637123865069382589e+01 3.104021376225944664e+02 1.115527443462246765e+03
1.053992553029303725e-02 3.787852838625044988e-02 1.361283728793176440e-01 4.892200064851843777e-01 1.758165543913047246e+00 6.318519354945175692e+00 2.270758119281601850e+01 8.160681556269486236e+01 2.932796888287974753e+02 1.053992553029304190e+03
1.088439302389924111e-02 3.911648037150895763e-02 1.405773416390737329e-01 5.052087712038357825e-01 1.815626185026294026e+00 6.525022192108935748e+00 2.344971391062956201e+01 8.427390226432962095e+01 3.028647014596841132e+02 1.088439302389924478e+03
1.269336112405378483e-02 4.561757464723107530e-02 1.639410630768458055e-01 5.891736325442262778e-01 2.117380250990851476e+00 7.609470077480959382e+00 2.734701753876358055e+01 9.828008529511295421e+01 3.532003134134619131e+02 1.269336112405379026e+03
