3.223933843060482890e-02 1.158621749639295595e-01 4.163870675034904156e-01 1.496417532625587743e+00 5.377845775506654213e+00 1.932697562984972350e+01 6.945754909857311077e+01 2.727660087391564616e+02 6.963167377339848372e+02 1.592582264318987882e+03
4.559330965049748080e-02 1.638538592000336469e-01 5.888602380601976050e-01 2.116253969611989749e+00 7.605422432072365346e+00 2.733247105538777078e+01 9.822780794439724161e+01 3.857493889132932168e+02 9.847405742107906690e+02 2.252251437394765617e+03
5.584017216421544028e-02 2.006791737129607622e-01 7.212035565306572638e-01 2.591871195844376086e+00 9.314702118447176105e+00 3.347530374754522597e+01 1.203040040079385165e+02 4.724445857139953659e+02 1.206055967915874135e+03 2.758433397033574238e+03
6.447867686120965780e-02 2.317243499278591190e-01 8.327741350069808313e-01 2.992835065251175486e+00 1.075569155101330843e+01 3.865395125969944701e+01 1.389150981971462215e+02 5.455320174783128095e+02 1.392633475467970129e+03 3.185164528637974854e+03
7.208935228045379451e-02 2.590756992403207559e-01 9.310697878895982660e-01 3.346091325673323791e+00 1.202522872654295405e+01 4.321643130782580045e+01 1.553118013349387354e+02 6.099233374920553388e+02 1.557011559444082877e+03 3.561122202777793518e+03
7.896992879988205816e-02 2.838032091506954568e-01 1.019935850877366601e+00 3.665459397087289517e+00 1.317297806537339788e+01 4.734122856433735649e+01 1.701355540758138432e+02 6.681375405864707773e+02 1.705620706807639408e+03 3.901013920987768415e+03
8.529727192062776242e-02 3.065425013136116039e-01 1.101656629757699957e+00 3.959148648844188489e+00 1.422844251124990045e+01 5.113437111158829396e+01 1.837674015908829688e+02 7.216710252354783961e+02 1.842280921775907700e+03 4.213576613800174528e+03
9.118661930099496160e-02 3.277077184000672938e-01 1.177720476120395210e+00 4.232507939223979498e+00 1.521084486414473069e+01 5.466494211077554155e+01 1.964556158887944832e+02 7.714987778265864335e+02 1.969481148421581338e+03 4.504502874789531234e+03
9.671801529181449364e-02 3.475865248917887063e-01 1.249161202510471247e+00 4.489252597876763673e+00 1.613353732651996353e+01 5.798092688954917406e+01 2.083726472957193607e+02 8.182980262174689869e+02 2.088950213201952920e+03 4.777746792956962054e+03
1.019497396977095682e-01 3.663883675469545853e-01 1.316731521549310724e+00 4.732087733706183741e+00 1.700624155571558660e+01 6.111726327289247962e+01 2.196440558444661235e+02 8.625618558891267185e+02 2.201946864137504235e+03 5.036187316436305991e+03
1.069257890636015340e-01 3.842713617498635381e-01 1.380999670465463680e+00 4.963055485428484737e+00 1.783629661775342967e+01 6.410032649655425985e+01 2.303646292176549650e+02 9.046625065505836574e+02 2.309421354307932688e+03 5.281997818520690089e+03
1.074644614353494343e-01 3.862072498797651798e-01 1.387956891678301385e+00 4.988058442085292477e+00 1.792615258502218012e+01 6.442325209949908071e+01 2.315251636619103692e+02 9.092200291305211977e+02 2.321055792446614305e+03 5.308607547729955513e+03
