4.012073925436006154e-03 1.441864609342622360e-02 5.181792734411811568e-02 1.862239753193276337e-01 6.692542670306166341e-01 2.405175129414170332e+00 8.643751243931724559e+00 1.972598587824505856e+01 9.890350895935839048e+01 4.068800760711108069e+02
7.876887339288431503e-03 2.830806534818451278e-02 1.017339120441792949e-01 3.656127231766707064e-01 1.313944000213140395e+00 4.722069901440073991e+00 1.697023933323594136e+01 4.737671680206742053e+01 1.994529365305745330e+02 7.760037608490936236e+02
1.039605846668385271e-02 3.736149696728030545e-02 1.342702583012064521e-01 4.825422889254537551e-01 1.734167071303859498e+00 6.232273316171836441e+00 2.239762900022336467e+01 6.260865427840321473e+01 2.617317606861995500e+02 9.925170043563000490e+02
1.240610055737375976e-02 4.458521369762413061e-02 1.602309501901700572e-01 5.758401781578333933e-01 2.069462300431316404e+00 7.437261892018590004e+00 2.672813340882991540e+01 7.455884359131182748e+01 3.103014868904245418e+02 1.151673012379477086e+03
1.407524291525676444e-02 5.058380031021916801e-02 1.817887527220294897e-01 6.533149034584320169e-01 2.347892026816118527e+00 8.437886447109670840e+00 3.032419160725467577e+01 8.492241191936960831e+01 3.519317468738589696e+02 1.281557633866499373e+03
1.562293909659209779e-02 5.614593199412034469e-02 2.017780175675140952e-01 7.251525965895443404e-01 2.606063309966914154e+00 9.365705932098968844e+00 3.365860194995339327e+01 9.412286416516644749e+01 3.884715347414605162e+02 1.390851531557071212e+03
1.697226303237284531e-02 6.099515079142784485e-02 2.192052063400559414e-01 7.877826657220080575e-01 2.831144108180191132e+00 1.017460438017789315e+01 3.656563224528979106e+01 1.023800922863592575e+02 4.209103157853568291e+02 1.484403808371402420e+03
1.815072332218419654e-02 6.523031748320304302e-02 2.344256062654478112e-01 8.424819469424523755e-01 3.027723132430516273e+00 1.088107276354608999e+01 3.910454797448439024e+01 1.100854546910137088e+02 4.508655045919937834e+02 1.568065503795674658e+03
1.932119872928338838e-02 6.943678799438342264e-02 2.495428774649190162e-01 8.968106027385522871e-01 3.222970197966678718e+00 1.158275433548770472e+01 4.162626079536808277e+01 1.172650496379507814e+02 4.784926420882048888e+02 1.643040576278490789e+03
2.044444988418139472e-02 7.347354334274021348e-02 2.640502239932799866e-01 9.489473029177247776e-01 3.410339783456274532e+00 1.225612571200161938e+01 4.404623204909872669e+01 1.239326149038206353e+02 5.038982147458035570e+02 1.710245046478642280e+03
