2.193742205391683957e-03 7.883900712601551661e-03 2.833327010502635634e-02 1.018244932437111644e-01 3.659382551292318930e-01 1.315113901392251483e+00 4.726274308282893521e+00 1.698534918799575877e+01 6.104217999631211455e+01 2.193742205391684763e+02
3.444374653278435734e-03 1.237844069221440135e-02 4.448580929627510977e-02 1.598737092943608440e-01 5.745563209452039244e-01 2.064848356838181687e+00 7.420680238489604896e+00 2.666854203580881233e+01 9.584177076203798151e+01 3.444374653278437108e+02
3.739360177496020652e-03 1.343856369977213146e-02 4.829569384614971345e-02 1.735657244472183780e-01 6.237628720865634468e-01 2.241687532678700023e+00 8.056207284921210743e+00 2.895250781899210679e+01 1.040499182013043509e+02 3.739360177496022288e+02
3.888883107036385928e-03 1.397592124700639329e-02 5.022685674174873910e-02 1.805059640484547034e-01 6.487047999955645183e-01 2.331324173999697713e+00 8.378344671278165734e+00 3.011020955970403890e+01 1.082104825356853155e+02 3.888883107036387514e+02
4.521781909258334314e-03 1.625044161023721928e-02 5.840105910172951192e-02 2.098825241804576913e-01 7.542786831935354153e-01 2.710737037977477115e+00 9.741883806064759455e+00 3.501051513343242050e+01 1.258212676633683884e+02 4.521781909258336327e+02
4.782149823165755473e-03 1.718615537685401831e-02 6.176384002160704295e-02 2.219677321986950891e-01 7.977106688993982342e-01 2.866823501653373629e+00 1.030282947195814280e+01 3.702644933217203516e+01 1.330661595321298591e+02 4.782149823165757425e+02
4.668629878771288905e-03 1.677818584957484205e-02 6.029767356005522744e-02 2.166986031357580889e-01 7.787744008766651627e-01 2.798770082891809174e+00 1.005825816574421339e+01 3.614750563012587747e+01 1.299073996460013518e+02 4.668629878771290578e+02
4.776066252512419646e-03 1.716429215751534218e-02 6.168526768521294390e-02 2.216853578625649079e-01 7.966958681519058505e-01 2.863176496860996512e+00 1.028972281630333718e+01 3.697934645399300990e+01 1.328968805649255671e+02 4.776066252512421784e+02
5.922845215407652152e-03 2.128560206373193708e-02 7.649648753894743025e-02 2.749141221505304600e-01 9.879901285574326231e-01 3.550652423713775985e+00 1.276038319576361069e+01 4.585843948431803341e+01 1.648066864195001244e+02 5.922845215407654678e+02
5.556900473113044435e-03 1.997046484867610883e-02 7.177012944570186626e-02 2.579284718549909039e-01 9.269468664367153110e-01 3.331274314221135846e+00 1.197197914832933030e+01 4.302506224604985618e+01 1.546240565858989271e+02 5.556900473113046246e+02
5.838267554269809152e-03 2.098164570948211904e-02 7.540412503984419978e-02 2.709883748754254862e-01 9.738817243595165873e-01 3.499949447932827251e+00 1.257816614860648130e+01 4.520358537046661240e+01 1.624532627573422019e+02 5.838267554269810944e+02
6.541560369459914134e-03 2.350914903836794773e-02 8.448750103850574678e-02 3.036323356528904394e-01 1.091198036642272662e+00 3.921562414001764196e+00 1.409336458690222749e+01 5.064892622138927436e+01 1.820228031114616272e+02 6.541560369459916728e+02
