1.652382996326435746e-02 5.938356590036391464e-02 2.134134705381693087e-01 7.669682464600413585e-01 2.756340963832376811e+00 9.905775817925169591e+00 3.559951248504499688e+01 8.494388578947629753e+01 3.813099638517831522e+02 1.402751213832178337e+03
1.843317124112684585e-02 6.624538267361232413e-02 2.380735614163931035e-01 8.555920180088660842e-01 3.074838284962443602e+00 1.105039584248756768e+01 3.971306356918174885e+01 1.040345815115896784e+02 4.398640154215014491e+02 1.555573019979662149e+03
1.994785911493750924e-02 7.168888865091228857e-02 2.576365075766157697e-01 9.258976012237487563e-01 3.327503450561843046e+00 1.195842736698614495e+01 4.297635966909007976e+01 1.212819138918485606e+02 4.874770150934874664e+02 1.672295601148100559e+03
2.149501009732720375e-02 7.724906099139312865e-02 2.776187309069442777e-01 9.977099884614791803e-01 3.585583789047227743e+00 1.288592001379424090e+01 3.291274916642938564e+01 1.344213526195270845e+02 5.382672156845029576e+02 1.789118831868399184e+03
2.306529149673576529e-02 8.289235974060588097e-02 2.978996950607965544e-01 1.070595994552725472e+00 3.847522513638097053e+00 1.382727898130845823e+01 3.341506771387594199e+01 1.480844975573374995e+02 5.832085051823598860e+02 1.886486268497865922e+03
2.438726993196599357e-02 8.764330390439135920e-02 3.149737031125815490e-01 1.131956797985140817e+00 4.068041807435540669e+00 1.461978423249025738e+01 3.594679523554621881e+01 1.624627785956602111e+02 6.210653563408474156e+02 1.964626066393759857e+03
2.566901643839537839e-02 9.224966201273113175e-02 3.315280958227102004e-01 1.191450200702788953e+00 4.281850011028456748e+00 1.538817107599599687e+01 3.947333289641152021e+01 1.746687525142020547e+02 6.601735539372962194e+02 2.041451011082707510e+03
2.692439190518629288e-02 9.676124751848944050e-02 3.477418934587272470e-01 1.249719568189270325e+00 4.491259260082627769e+00 1.614074889657393541e+01 4.232208442588444086e+01 1.843139997005714292e+02 7.005228685258903170e+02 2.116196396841406113e+03
2.800501322214753522e-02 1.006447991727833224e-01 3.616986544580195750e-01 1.299877566570982745e+00 4.671517760015915677e+00 1.678856435665111135e+01 4.607285574237869952e+01 1.975658815859538322e+02 7.318279468989825318e+02 2.172429900255036955e+03
2.916940003015908861e-02 1.048293883933691106e-01 3.767372883763702718e-01 1.353923614631707295e+00 4.865749186011189664e+00 1.748659590933318242e+01 4.905873102120922624e+01 2.080433539317482428e+02 7.637109922947789755e+02 2.227564495361607896e+03
