1.422213840819286405e-06 7.828988255532287559e-06 4.309693475487044018e-05 2.372395671884016972e-04 1.305953951478638604e-03 7.189002001627494039e-03 3.957394494720805483e-02 2.178462488020047327e-01 1.199197810084714932e+00 6.601331882556345398e+00
8.337619996799374555e-07 4.589684558014903933e-06 2.526524877622981005e-05 1.390798839563102635e-04 7.656055276803491088e-04 4.214497505612188610e-03 2.319992291412419777e-02 1.277106992006919461e-01 7.030205553140016494e-01 3.869980387605061356e+00
3.953997348271143589e-06 2.176592430304859175e-05 1.198168382619647985e-04 6.595665100738720222e-04 3.630775002257124757e-03 1.998665322703951572e-02 1.100223249773388950e-01 6.056497731717629396e-01 3.333974698485598687e+00 1.835282993986988842e+01
4.658229949890088310e-06 2.564257675079975715e-05 1.411569951449414423e-04 7.770395881813081142e-04 4.277439605320289620e-03 2.354640594308218815e-02 1.296180154470946699e-01 7.135199303475552313e-01 3.927777240278615078e+00 2.162158811981046114e+01
7.940707566728453175e-06 4.371192608048368337e-05 2.406249651695566551e-04 1.324589855780834149e-03 7.291588737690423393e-03 4.013866336630811382e-02 2.209549049997747983e-01 1.216310309038324267e+00 6.695532592383104387e+00 3.685749957271131194e+01
5.843486756394076852e-06 3.216716633893365368e-05 1.770734894101376098e-04 9.747523397462416186e-04 5.365806745017897943e-03 2.953763828089381663e-02 1.625984901567712471e-01 8.950705113876017416e-01 4.927175028398011136e+00 2.712306287784292280e+01
5.625056717957042358e-06 3.096475488961609166e-05 1.704544671190861736e-04 9.383160133004967915e-04 5.165232426563685052e-03 2.843351881694961697e-02 1.565205445849969235e-01 8.616126985514011016e-01 4.742996801304174781e+00 2.610920045050797000e+01
2.281369997255669642e-05 1.255846230883914658e-04 6.913169532002859342e-04 3.805554517974289817e-03 2.094877772378131095e-02 1.153186181008899747e-01 6.348047535776994987e-01 3.494466737472408546e+00 1.923630488032634389e+01 1.058918150460113878e+02
5.649010094114568004e-06 3.109661319055175591e-05 1.711803193501578878e-04 9.423116772641091992e-04 5.187227716826192138e-03 2.855459826660747269e-02 1.571870615054141995e-01 8.652817341016769692e-01 4.763194070805990776e+00 2.622038217380806913e+01
1.172345747496275257e-04 6.453516922099619387e-04 3.552525417759359611e-03 1.955590571182746693e-02 1.076511504458406709e-01 5.925969557781224362e-01 3.262121682333294803e+00 1.795729418889104068e+01 9.885113002766080115e+01 5.441546930712140693e+02
2.767304501446811210e-04 1.523342961479560477e-03 8.385682808220298184e-03 4.616142125459579693e-02 2.541089212383988438e-01 1.398816199718151632e+00 7.700189159270911965e+00 4.238792280250987687e+01 2.333366054193998878e+02 1.284468967312190443e+03
8.265224066158308687e-06 4.549832119902592404e-05 2.504586948109098769e-04 1.378722470483756748e-03 7.589577403379611960e-03 4.177902833605024596e-02 2.299847693663736592e-01 1.266017814369890582e+00 6.969161961106206782e+00 3.836377173278803809e+01
