1.108224342161054799e-03 3.982751783419303908e-03 1.431326777879447440e-02 5.143921731712623041e-02 1.848629620497042048e-01 6.643630389456203211e-01 2.387596967089540723e+00 8.580578603984843511e+00 3.083700063035043115e+01 1.108224342161055347e+02
2.855648860940030766e-03 1.026266989547443102e-02 3.688212329747223711e-02 1.325474786565830621e-01 4.763509398988813315e-01 1.711916516574769176e+00 6.152308968559237812e+00 2.211025203515585247e+01 7.946012587410734795e+01 2.855648860940032137e+02
2.906450973670987245e-03 1.044524322235708402e-02 3.753825781426937958e-02 1.349055038483425173e-01 4.848252430526219792e-01 1.742371583039904692e+00 6.261758802553720749e+00 2.250359434406637149e+01 8.087372483842241877e+01 2.906450973670988560e+02
3.737423831781642395e-03 1.343160483408594764e-02 4.827068497956213400e-02 1.734758472407596508e-01 6.234398701539275445e-01 2.240526723919757490e+00 8.052035554542259277e+00 2.893751539735452027e+01 1.039960382315696847e+02 3.737423831781644026e+02
4.311494116428982691e-03 1.549470646703577682e-02 5.568508781787482459e-02 2.001218294700397027e-01 7.192005651750096318e-01 2.584672818141948714e+00 9.288832490302965539e+00 3.338233312444302925e+01 1.199698849123014242e+02 4.311494116428984285e+02
4.963222470514217638e-03 1.783689673103620171e-02 6.410248319186967469e-02 2.303723799787483484e-01 8.279154069308189978e-01 2.975373701902332080e+00 1.069293866482157895e+01 3.842842907986044310e+01 1.381046135057498248e+02 4.963222470514219253e+02
5.548891349373984844e-03 1.994168155034757584e-02 7.166668763487941962e-02 2.575567212618484758e-01 9.256108640755527084e-01 3.326472970680714347e+00 1.195472401430914466e+01 4.296305050963733407e+01 1.544011979602633176e+02 5.548891349373986941e+02
5.108522588179872752e-03 1.835907827925545299e-02 6.597910637484667717e-02 2.371166140155436253e-01 8.521529273641501590e-01 3.062478834012381412e+00 1.100597827878618240e+01 3.955343512183855381e+01 1.421476755912735257e+02 5.108522588179874901e+02
6.045236061825388398e-03 2.172545195991261099e-02 7.807722610586459444e-02 2.805950020112202847e-01 1.008406152223212393e+00 3.624023808524413415e+00 1.302406628102834674e+01 4.680606735905659832e+01 1.682122844239377457e+02 6.045236061825390834e+02
6.434218903082656628e-03 2.312338380980853356e-02 8.310113268908821127e-02 2.986499861356874397e-01 1.073292400869497953e+00 3.857212895502458494e+00 1.386210440806017274e+01 4.981782023077280286e+01 1.790359630463142651e+02 6.434218903082659153e+02
