1.192644649203239684e-05 6.565258109326767560e-05 3.614036592615921446e-04 1.989451180024705366e-03 1.095151057902504603e-02 6.028576381603262258e-02 3.318604582132487213e-01 1.826822068002372790e+00 1.005627150070401221e+01 5.535766086209790870e+01
1.272037107428884681e-05 7.002296904187849352e-05 3.854617262974772128e-04 2.121885782240537106e-03 1.168053522751008426e-02 6.429889127068809385e-02 3.539518813232591099e-01 1.948430708779370191e+00 1.072570150700032343e+01 5.904273233783013097e+01
6.934836349455152846e-06 3.817481645562293519e-05 2.101443405416475332e-04 1.156800423992066645e-03 6.367943183713838454e-03 3.505418873470728114e-02 1.929659408694413547e-01 1.062236944561246288e+00 5.847391105947759904e+00 3.218865896256306058e+01
6.532458622927887075e-06 3.595981164772778639e-05 1.979512046507965288e-04 1.089679773814319344e-03 5.998458112718776936e-03 3.302025108173910206e-02 1.817695416075696679e-01 1.000603120019819992e+00 5.508109856792994918e+00 3.032098700021960624e+01
1.471643283954790289e-05 8.101086950312555879e-05 4.459478087662750658e-04 2.454848952531851064e-03 1.351342749372078794e-02 7.438857793662091711e-02 4.094934856463364192e-01 2.254175566168959755e+00 1.240876268176261021e+01 6.830763033865798661e+01
2.208532890345707469e-05 1.215750934508754295e-04 6.692453353173952223e-04 3.684054900809683331e-03 2.027994786955530579e-02 1.116368503361575559e-01 6.145373959115114637e-01 3.382899193559425477e+00 1.862214900170674170e+01 1.025110160249519851e+02
2.761614823201578807e-05 1.520210913198127281e-04 8.368441540762956666e-04 4.606651170122212126e-03 2.535864640963193459e-02 1.395940182967391197e-01 7.684357291574106519e-01 4.230077169857318964e+00 2.328568569107059361e+01 1.281828052611198530e+02
2.279836607080815844e-05 1.255002131823314488e-04 6.908522944097248352e-04 3.802996668999878826e-03 2.093469730281694377e-02 1.152411083430750077e-01 6.343780786528703253e-01 3.492117981694941697e+00 1.922337547346140596e+01 1.058206413788796567e+02
1.094858796275111900e-05 6.026967542775603777e-05 3.317718950174388705e-04 1.826334546224728846e-03 1.005358779579132271e-02 5.534288763064688921e-02 3.046509637664482351e-01 1.677039520294739017e+00 9.231750058688477978e+00 5.081884363173290353e+01
3.166825127182226025e-05 1.743270668337175964e-04 9.596338607395016925e-04 5.282582695871331120e-03 2.907950738338354463e-02 1.600765758614922096e-01 8.811879032786662513e-01 4.850754188773496622e+00 2.670238221877017537e+01 1.469910014833339744e+02
