9.857101344993199322e-06 5.426127101891214071e-05 2.986968916661641234e-04 1.644263604881862238e-03 9.051325533580550226e-03 4.982564454483139060e-02 2.742797002601927159e-01 1.509852098493826178e+00 8.311418443157261748e+00 4.575261153470996334e+01
1.077337246609244001e-05 5.930515094757108843e-05 3.264623904894902091e-04 1.797106839814516894e-03 9.892695415437411863e-03 5.445720889511315027e-02 2.997754884900482586e-01 1.650201053684763552e+00 9.084009941235429153e+00 5.000556533896606481e+01
2.102474811139302518e-05 1.157368191163144947e-04 6.371068622650429177e-04 3.507139361911072555e-03 1.930606501417506116e-02 1.062758299198157119e-01 5.850261053639305153e-01 3.220445742136454736e+00 1.772787689806271061e+01 9.758823606336328282e+01
1.547262919845838387e-05 8.517357151239301279e-05 4.688626083600280011e-04 2.580990107784581628e-03 1.420780803950707008e-02 7.821099688783800241e-02 4.305350985303478817e-01 2.370005222313695814e+00 1.304638059235550074e+01 7.181758291419551199e+01
4.821718476190771762e-06 2.654254672408098658e-05 1.461111406812354708e-04 8.043111180361297435e-04 4.427563644909724393e-03 2.437280722612811951e-02 1.341671808072041894e-01 7.385621294561330874e-01 4.065629282697789115e+00 2.238043463791152377e+01
1.250483410056766172e-05 6.883648330572221476e-05 3.789303717099187915e-04 2.085932048075458956e-03 1.148261747812383271e-02 6.320939566107307284e-02 3.479544369957476291e-01 1.915416038372107055e+00 1.054396268583273155e+01 5.804229832737519246e+01
2.698457606410717375e-05 1.485444192869845193e-04 8.177058053047284517e-04 4.501298582865314972e-03 2.477870256106901384e-02 1.364015493100418086e-01 7.508618584175461574e-01 4.133336705323952032e+00 2.275314976790016175e+01 1.252513069389346043e+02
9.519086099324157522e-06 5.240056813965360190e-05 2.884541134209753026e-04 1.587879263593628201e-03 8.740941586334463956e-03 4.811704615550934511e-02 2.648742252609353476e-01 1.458076935579879274e+00 8.026407054048535272e+00 4.418368374482165706e+01
4.240780619306789971e-05 2.334460593050893232e-04 1.285071487946563840e-03 7.074048429213273745e-03 3.894114969340570220e-02 2.143628439384132334e-01 1.180022398494984026e+00 6.495775272275769119e+00 3.575787751294003414e+01 1.968395996837589337e+02
8.477556438796466458e-06 4.666716627980211431e-05 2.568929412985281025e-04 1.414141644970024056e-03 7.784552514094253417e-03 4.285232533829759494e-02 2.358930437651461653e-01 1.298541623062263728e+00 7.148198691708608443e+00 3.934933130263981838e+01
