1.000000000000000000e+07 1.000000000000000000e+01
2.782559402207125723e+07 1.222222222222222143e+01
7.742636826811277866e+07 1.444444444444444464e+01
2.154434690031886697e+08 1.666666666666666785e+01
5.994842503189420700e+08 1.888888888888888928e+01
1.668100537200055838e+09 2.111111111111111072e+01
4.641588833612772942e+09 2.333333333333333570e+01
1.291549665014882660e+10 2.555555555555555713e+01
3.593813663804625702e+10 2.777777777777777857e+01
1.000000000000000000e+11 3.000000000000000000e+01
