1.000000000000000000e+07 2.000000000000000000e+00
2.782559402207125723e+07 7.575396825396826017e+00
7.742636826811277866e+07 1.315079365079365203e+01
2.154434690031886697e+08 1.872619047619047805e+01
5.994842503189420700e+08 2.430158730158730407e+01
1.668100537200055838e+09 2.987698412698413009e+01
4.641588833612772942e+09 3.545238095238095610e+01
1.291549665014882660e+10 4.102777777777778567e+01
3.593813663804625702e+10 4.660317460317460814e+01
1.000000000000000000e+11 5.217857142857143060e+01
