2.290047416913359708e-04 1.260622968012927716e-03 6.939464465865453208e-03 3.820029326366792405e-02 2.102845850149101525e-01 1.157572440339083020e+00 6.372192971432395936e+00 3.507758292282615997e+01 1.930947209577611829e+02 1.062945851878884241e+03
3.934463361713081710e-04 2.165839381293699871e-03 1.192249055159648463e-02 6.563080447267558015e-02 3.612837835425070643e-01 1.988791289388063266e+00 1.094787801977416564e+01 6.026576734089233156e+01 3.317503818207033532e+02 1.826216120598604448e+03
5.796256712353863461e-04 3.190717487387653706e-03 1.756422910431619175e-02 9.668738935626951247e-02 5.322437554764977152e-01 2.929890000441461861e+00 1.612842861256637050e+01 8.878360944317189762e+01 4.887351083673494259e+02 2.690384043281481809e+03
7.606347108839193799e-04 4.187134203974516439e-03 2.304929369015987217e-02 1.268815169838480861e-01 6.984560814978644228e-01 3.844853918663743375e+00 2.116511266415144021e+01 1.165094964757230969e+02 6.413602887178757328e+02 3.530553580497086386e+03
9.081505960294587905e-04 4.999178145020386280e-03 2.751942490035956534e-02 1.514886497095297713e-01 8.339131749267316707e-01 4.590516745972625934e+00 2.526982979601770296e+01 1.391051015073481949e+02 7.657443449982821448e+02 4.215261665769127831e+03
1.002768911860627173e-03 5.520032085644205506e-03 3.038661636408666530e-02 1.672719360562235080e-01 9.207968487424678106e-01 5.068793108062483732e+00 2.790264063938790429e+01 1.535981718039425630e+02 8.455256506515005412e+02 4.654440983986326501e+03
1.056632802634852519e-03 5.816541482589574798e-03 3.201883827032475649e-02 1.762569745698405743e-01 9.702575971754114903e-01 5.341064131925029379e+00 2.940143539652068227e+01 1.618487219070735534e+02 8.909431947684128090e+02 4.904455017938908895e+03
1.091501555909315906e-03 6.008486640227450430e-03 3.307545601775685462e-02 1.820734331767034642e-01 1.002275979232280623e+00 5.517318595135687787e+00 3.037167916919166899e+01 1.671897099380075247e+02 9.203442112449736214e+02 5.066301433779657600e+03
1.137173145527932373e-03 6.259899141268545665e-03 3.445942899105520346e-02 1.896919134944629604e-01 1.044214112036826902e+00 5.748179201158620799e+00 3.164251828026193181e+01 1.741854121240506004e+02 9.588540813374922891e+02 5.278290174166772886e+03
1.196531077711884264e-03 6.586652081370111302e-03 3.625813524541294380e-02 1.995934133507764885e-01 1.098719787528338987e+00 6.048221488074545071e+00 3.329418800320220839e+01 1.832775067808348979e+02 1.008904151336211271e+03 5.553805289378148700e+03
