6.278356419660144870e-03 3.456103242902602152e-02 1.902512190642477452e-01 1.047292971636855308e+00 5.765127676104707888e+00 3.173581607240362956e+01 1.746989968593276217e+02 9.616812573537149547e+02 5.293853183885888029e+03 2.914154905093564594e+04
3.139178209830072435e-03 1.728051621451301076e-02 9.512560953212387260e-02 5.236464858184276538e-01 2.882563838052353944e+00 1.586790803620181478e+01 8.734949842966381084e+01 4.808406286768574773e+02 2.646926591942944015e+03 1.457077452546782297e+04
2.092785473220043664e-03 1.152034414300865013e-02 6.341707302141577629e-02 3.490976572122843624e-01 1.921709225368231744e+00 1.057860535746785402e+01 5.823299895310908880e+01 3.205604191179043028e+02 1.764617727961958963e+03 9.713849683645195910e+03
1.569589104915036218e-03 8.640258107256505379e-03 4.756280476606193630e-02 2.618232429092138269e-01 1.441281919026176972e+00 7.933954018100907390e+00 4.367474921483190542e+01 2.404203143384287387e+02 1.323463295971472007e+03 7.285387262733911484e+03
1.255671283932025982e-03 6.912206485805188344e-03 3.805024381284945884e-02 2.094585943273705730e-01 1.153025535220938869e+00 6.347163214480710636e+00 3.493979937186544049e+01 1.923362514707425248e+02 1.058770636777175241e+03 5.828309810187115545e+03
1.046392736610021832e-03 5.760172071504325066e-03 3.170853651070788815e-02 1.745488286061421812e-01 9.608546126841158719e-01 5.289302678733927010e+00 2.911649947655454440e+01 1.602802095589521514e+02 8.823088639809794813e+02 4.856924841822597955e+03
8.969080599514480745e-04 4.937290347003710916e-03 2.717874558060678208e-02 1.496132816624076989e-01 8.235896680149571436e-01 4.533688010343369434e+00 2.495699955133248338e+01 1.373830367648162394e+02 7.562647405551258544e+02 4.163078435847944093e+03
7.847945524575181088e-04 4.320129053628252690e-03 2.378140238303096815e-02 1.309116214546069135e-01 7.206409595130884860e-01 3.966977009050453695e+00 2.183737460741595271e+01 1.202101571692143693e+02 6.617316479857360036e+02 3.642693631366955742e+03
6.975951577400164340e-04 3.840114714336226830e-03 2.113902434047197978e-02 1.163658857374284261e-01 6.405697417894122836e-01 3.526201785822627333e+00 1.941099965103641267e+01 1.068534730393017185e+02 5.882059093206545413e+02 3.237949894548406974e+03
6.278356419660129908e-04 3.456103242902594172e-03 1.902512190642472942e-02 1.047292971636852865e-01 5.765127676104694343e-01 3.173581607240355318e+00 1.746989968593272025e+01 9.616812573537126241e+01 5.293853183885876206e+02 2.914154905093557772e+03
